     0
     0
     0
     0
     0
     0
     0
     0
     0
     0
     0
     0
     0
     0
     0
     0
     0
     0
     0
     0
     0
     0
     0
     0
     0
     0
     0
     0
     0
     0
     0
     0
     0
     0
     0
     0
     0
     0
     0
     0
     0
     0
     0
     0
     0
     0
     0
     0
     0
     0
     0
     0
     0
     0
     0
     0
     0
     0
     0
     0
     0
     0
     0
     0
     0
     0
     0
     0
     0
     0
     0
     0
     0
     0
     0
     0
     0
     0
     0
     0
     0
     0
     0
     0
     0
     0
     0
     0
     0
     0
     0
     0
     0
     0
     0
     0
     0
     0
     0
     0
     0
     0
     0
     0
     0
     0
     0
     0
     0
     0
     0
     0
     0
     0
     0
     0
     0
     0
     0
     0
     0
     0
     0
     0
     0
     0
     0
     0
     0
     0
     0
     0
     0
     0
     0
     0
     0
     0
     0
     0
     0
     0
     0
     0
     0
     0
     0
     0
     0
     0
     0
     0
     0
     0
     0
     0
     0
     0
     0
     0
     0
     0
     0
     0
     0
     0
     0
     0
     0
     0
     0
     0
     0
     0
     0
     0
     0
     0
     0
     0
     0
     0
     0
     0
     0
     0
     0
     0
     0
     0
     0
     0
     0
     0
     0
     0
     0
     0
     0
     0
     0
     0
     0
     0
     0
     0
     0
     0
     0
     0
     0
     0
     0
     0
     0
     0
     0
     0
     0
     0
     0
     0
     0
     0
     0
     0
     0
     0
     0
     0
     0
     0
     0
     0
     0
     0
     0
     0
     0
     0
     0
     0
     0
     0
     0
     0
     0
     0
     0
     0
     0
     0
     0
     0
     0
     0
     0
     0
     0
     0
     0
     0
     0
     0
     0
     0
     0
     0
     0
     0
     0
     0
     0
     0
     0
     0
     0
     0
     0
     0
     0
     0
     0
     0
     0
     0
     0
     0
     0
     0
     0
     0
     0
     0
     0
     0
     0
     0
     0
     0
     0
     0
     0
     0
     0
     0
     0
     0
     0
     0
     0
     0
     0
     0
     0
     0
     0
     0
     0
     0
     0
     0
     0
     0
     0
     0
     0
     0
     0
     0
     0
     0
     0
     0
     0
     0
     0
     0
     0
     0
     0
     0
     0
     0
     0
     0
     0
     0
     0
     0
     0
     0
     0
     0
     0
     0
     0
     0
     0
     0
     0
     0
     0
     0
     0
     0
     0
     0
     0
     0
     0
     0
     0
     0
     0
     0
     0
     0
     0
     0
     0
     0
     0
     0
     0
     0
     0
     0
     0
     0
     0
     0
     0
     0
     0
     0
     0
     0
     0
     0
     0
     0
     0
     0
     0
     0
     0
     0
     0
     0
     0
     0
     0
     0
     0
     0
     0
     0
     0
     0
     0
     0
     0
     0
     0
     0
     0
     0
     0
     0
     0
     0
     0
     0
     0
     0
     0
     0
     0
     0
     0
     0
     0
     0
     0
     0
     0
     0
     0
     0
     0
     0
     0
     0
     0
     0
     0
     0
     0
     0
     0
     0
     0
     0
     0
     0
     0
     0
     0
     0
     0
     0
     0
     0
     0
     0
     0
     0
     0
     0
     0
     0
     0
     0
     0
     0
     0
     0
     0
     0
     0
     0
     0
     0
     0
     0
     0
     0
     0
     0
     0
     0
     0
     0
     0
     0
     0
     0
     0
     0
     0
     0
    66
    66
    62
    67
    71
    69
    65
    62
    60
    58
    54
    52
    50
    45
    43
    41
    32
    28
    17
     0
   -11
   -27
   -38
   -40
   -46
   -50
   -44
   -38
   -38
   -35
   -29
   -27
   -31
   -33
   -31
   -33
   -38
   -38
   -33
   -29
   -29
   -27
   -29
   -38
   -50
   -62
   -76
   -88
   -98
  -114
  -124
  -125
  -132
  -132
  -126
  -126
  -128
  -131
  -140
  -146
  -152
  -163
  -172
  -179
  -180
  -172
  -161
  -153
  -140
  -131
  -129
  -127
  -133
  -141
  -151
  -164
  -174
  -184
  -195
  -197
  -189
  -172
  -160
  -146
  -132
  -120
  -104
   -90
   -76
   -65
   -59
   -55
   -48
   -47
   -49
   -51
   -55
   -58
   -59
   -61
   -59
   -60
   -60
   -57
   -55
   -58
   -58
   -55
   -53
   -45
   -34
   -26
   -15
    -3
     6
    21
    38
    49
    55
    57
    54
    51
    45
    41
    41
    36
    28
    21
    18
    22
    22
    18
    15
    13
    13
    20
    25
    33
    41
    41
    42
    41
    32
    25
    19
     7
    -1
    -6
   -13
   -10
    -5
    -3
     0
     9
    17
    26
    34
    36
    41
    49
    52
    57
    58
    60
    63
    61
    57
    50
    43
    39
    38
    38
    41
    45
    45
    45
    46
    46
    48
    52
    55
    59
    64
    71
    79
    83
    86
    90
    89
    86
    89
    88
    84
    79
    70
    61
    60
    60
    58
    60
    62
    62
    66
    71
    75
    83
    87
    88
    89
    85
    80
    75
    69
    61
    56
    54
    51
    47
    38
    36
    31
    25
    21
    15
    10
    10
     7
     5
     8
    10
    11
    14
    14
    15
    16
    14
    11
     7
     6
     3
     0
    -3
    -7
   -13
   -18
   -19
   -19
   -18
   -15
   -11
    -3
     2
     3
     3
     5
     4
     4
     5
     5
     5
     5
     4
     5
     5
     2
     2
     2
    -1
    -4
    -6
    -6
    -8
    -9
    -9
   -10
   -15
   -17
   -19
   -21
   -22
   -22
   -20
   -18
   -17
   -18
   -18
   -18
   -20
   -22
   -23
   -24
   -24
   -22
   -21
   -20
   -19
   -16
   -16
   -15
   -18
   -19
   -21
   -23
   -25
   -25
   -24
   -24
   -23
   -26
   -28
   -30
   -32
   -35
   -35
   -35
   -34
   -33
   -34
   -34
   -33
   -31
   -29
   -27
   -26
   -25
   -25
   -23
   -21
   -19
   -17
   -16
   -17
   -17
   -18
   -17
   -16
   -15
   -13
   -10
    -7
    -6
    -4
    -3
    -2
     0
     1
     2
     4
     6
     8
    11
    14
    16
    18
    18
    19
    18
    18
    18
    18
    20
    23
    24
    24
    25
    25
    25
    26
    26
    27
    27
    26
    26
    25
    23
    23
    22
    20
    19
    18
    19
    19
    18
    17
    16
    16
    14
    12
    10
     8
     7
     6
     5
     5
     5
     5
     5
     4
     4
     3
     2
     3
     3
     3
     3
     2
     2
     2
     0
     0
     0
    -1
    -2
    -3
    -3
    -4
    -5
    -6
    -7
    -8
    -8
    -8
    -7
    -7
    -7
    -7
    -6
    -6
    -6
    -6
    -6
    -6
    -6
    -6
    -6
    -5
    -4
    -3
    -3
    -3
    -3
    -3
    -3
    -3
    -3
    -3
    -3
    -3
    -4
    -4
    -4
    -4
    -4
    -4
    -4
    -4
    -4
    -4
    -3
    -3
    -3
    -2
    -2
    -2
    -1
    -1
    -1
     0
     0
     0
     0
     1
     1
     0
     0
     0
     0
     0
     0
     0
     0
     0
     0
     0
     0
     0
     0
     0
     0
     0
     0
     0
     0
     0
     0
     0
     0
     0
     0
     0
     0
     0
     0
     0
     0
     0
     0
     0
     0
     0
     0
     0
    -3
     4
    -6
     6
     0
    -8
     9
    -4
     5
    -4
     3
    -3
    -1
     3
    -1
     0
     0
     0
     0
    -1
     1
     0
     0
    -1
     2
    -1
     1
     0
     0
     1
     0
    -1
     1
    -1
     0
     0
    -1
     1
    -1
     1
    -1
     1
    -1
    -1
     2
    -1
     0
     1
    -1
     0
     0
     0
     0
     0
     0
     0
     0
     0
     1
    -1
     0
     0
    -1
     1
     0
     0
     0
     0
     0
    -1
     1
    -1
     1
     0
     0
     0
     0
     0
     0
     0
     0
     0
     0
     0
     0
     0
     0
     0
     0
     0
     0
     0
     0
     0
     0
     0
     0
     0
     0
     0
     0
     0
     0
     0
     0
     0
     0
     0
     0
     0
     0
     0
     0
     0
     0
     0
     0
     0
     0
     0
     0
     0
     0
     0
     0
     0
     0
     0
     0
     0
     0
     0
     0
     0
     0
     0
     0
     0
     0
     0
     0
     0
     0
     0
     0
     0
     0
     0
     0
     0
     0
     0
     0
     0
     0
     0
     0
     0
     0
     0
     0
     0
     0
     0
     0
     0
     0
     0
     0
     0
     0
     0
     0
     0
     0
     0
     0
     0
     0
     0
     0
     0
     0
     0
     0
     0
     0
     0
     0
     0
     0
     0
     0
     0
     0
     0
     0
     0
     0
     0
     0
     0
     0
     0
     0
     0
     0
     0
     0
     0
     0
     0
     0
     0
     0
     0
     0
     0
     0
     0
     0
     0
     0
     0
     0
     0
     0
     0
     0
     0
     0
     0
     0
     0
     0
     0
     0
     0
     0
     0
     0
     0
     0
     0
     0
     0
     0
     0
     0
     0
     0
     0
     0
     0
     0
     0
     0
     0
     0
     0
     0
     0
     0
     0
     0
     0
     0
     0
     0
     0
     0
     0
     0
     0
     0
     0
     0
     0
     0
     0
     0
     0
     0
     0
     0
     0
     0
     0
     0
     0
     0
     0
     0
     0
     0
     0
     0
     0
     0
     0
     0
     0
     0
     0
     0
     0
     0
     0
     0
     0
     0
     0
     0
     0
     0
     0
     0
     0
     0
     0
     0
     0
     0
     0
     0
     0
     0
     0
     0
     0
     0
     0
     0
     0
     0
     0
     0
     0
     0
     0
     0
     0
     0
     0
     0
     0
     0
     0
     0
     0
     0
     0
     0
     0
     0
     0
     0
     0
     0
     0
     0
     0
     0
     0
     0
     0
     0
     0
     0
     0
     0
     0
     0
     0
     0
     0
     0
     0
     0
     0
     0
     0
     0
     0
     0
     0
     0
     0
     0
     0
     0
     0
     0
     0
     0
     0
     0
     0
     0
     0
     0
     0
     0
     0
     0
     0
     0
     0
     0
     0
     0
     0
     0
     0
     0
     0
     0
     0
     0
     0
     0
     0
     0
     0
     0
     0
     0
     0
     0
     0
     0
     0
     0
     0
     0
     0
     0
     0
     0
     0
     0
     0
     0
     0
     0
     0
     0
     0
     0
     0
     0
     0
     0
     0
     0
     0
     0
     0
     0
     0
     0
     0
     0
     0
     0
     0
     0
     0
     0
     0
     0
     0
     0
     0
     0
     0
     0
     0
     0
     0
     0
     0
     0
     0
     0
     0
     0
     0
     0
     0
     0
     0
     0
     0
     0
     0
     0
     0
     0
     0
     0
     0
     0
     0
     0
     0
     0
     0
     0
     0
     0
     0
     0
     0
     0
     0
     0
     0
     0
     0
     0
     0
     0
     0
     0
     0
     0
     0
     0
     0
     0
     0
     0
     0
     0
     0
     0
     0
     0
     0
     0
     0
     0
     0
     0
     0
     0
     0
     0
     0
     0
     0
     0
     0
     0
     0
     0
     0
     0
     0
     0
     0
     0
     0
     0
     0
     0
     0
     0
     0
     0
     0
     0
     0
     0
     0
     0
     0
     0
     0
     0
     0
     0
     0
     0
     0
     0
     0
     0
     0
     0
     0
     0
     0
     0
     0
     0
     0
     0
     0
     0
     0
     0
     0
     0
     0
     0
     0
     0
     0
     0
     0
     0
     0
     0
     0
     0
     0
     0
     0
     0
     0
     0
     0
     0
     0
     0
     0
     0
     0
     0
     0
     0
     0
     0
     0
     0
     0
     0
     0
     0
     0
     0
     0
     0
     0
     0
     0
     0
     0
     0
     0
     0
     0
     0
     0
     0
     0
     0
     0
     0
     0
     0
     0
     0
     0
     0
     0
     0
     0
     0
     0
     0
     0
     0
     0
     0
     0
     0
     0
     0
     0
     0
     0
     0
     0
     0
     0
     0
     0
     0
     0
     0
     0
     0
     0
     0
     0
     0
     0
     0
     0
     0
     0
     0
     0
     0
     0
     0
     0
     0
     0
     0
     0
     0
     0
     0
     0
     0
     0
     0
     0
     0
     0
     0
     0
     0
     0
     0
     0
     0
     0
     0
     0
     0
     0
     0
     0
     0
     0
     0
     0
     0
     0
     0
     0
     0
     0
     0
     0
     0
     0
     0
     0
     0
     0
     0
     0
     0
     0
     0
     0
     0
     0
     0
     0
     0
     0
     0
     0
     0
     0
     0
     0
     0
     0
     0
     0
     0
     0
     0
     0
     0
     0
     0
     0
     0
     0
     0
     0
     0
     0
     0
     0
     0
     0
     0
     0
     0
     0
     0
     0
     0
     0
     0
     0
     0
     0
     0
     0
     0
     0
     0
     0
     0
     0
     0
     0
     0
     0
     0
     0
     0
     0
     0
     0
     0
     0
     0
     0
     0
     0
     0
     0
     0
     0
     0
     0
     0
     0
     0
     0
     0
     0
     0
     0
     0
     0
     0
     0
     0
     0
     0
     0
     0
     0
     0
     0
     0
     0
     0
     0
     0
     0
     0
     0
     0
     0
     0
     0
     0
     0
     0
     0
     0
     0
     0
     0
     0
     0
     0
     0
     0
     0
     0
     0
     0
     0
     0
     0
     0
     0
     0
     0
     0
     0
     0
     0
     0
     0
     0
     0
     0
     0
     0
     0
     0
     0
     0
     0
     0
     0
     0
     0
     0
     0
     0
     0
     0
     0
     0
     0
     0
     0
     0
     0
     0
     0
     0
     0
     0
     0
     0
     0
     0
     0
     0
     0
     0
     0
     0
     0
     0
     0
     0
     0
     0
     0
     0
     0
     0
     0
     1
    -1
     1
    -1
     0
     0
     0
     0
     0
     1
    -1
     0
     0
    -1
     1
     0
     0
     0
     0
     0
     0
     0
     0
     0
    -1
     1
     0
    -1
     2
    -1
    -1
     1
    -1
     1
    -1
     1
    -1
     0
     0
    -1
     1
    -1
     0
     1
     0
     0
     1
    -1
     2
    -1
     0
     0
     1
    -1
     0
     0
     0
     0
    -1
     3
    -1
    -3
     3
    -4
     5
    -4
     9
    -8
     0
     6
    -6
     0
     0
     0
     0
     0
     0
     0
     0
     0
     0
     0
     0
     0
     0
     0
     0
     0
     0
     0
     0
     0
    -1
    -1
    -1
    -1
    -1
    -1
    -1
    -1
    -1
    -1
    -1
    -1
    -1
    -1
    -1
    -1
    -1
    -1
    -1
    -1
    -1
    -1
    -1
    -1
    -1
    -2
    -2
    -2
    -3
    -3
    -3
    -4
    -4
    -4
    -4
    -4
    -4
    -5
    -5
    -5
    -6
    -6
    -7
    -7
    -8
    -7
    -7
    -7
    -7
    -7
    -7
    -7
    -7
    -8
    -9
    -9
   -10
   -11
   -12
   -13
   -12
   -12
   -11
   -10
   -10
    -9
    -8
    -7
    -6
    -6
    -5
    -5
    -4
    -4
    -5
    -5
    -5
    -6
    -6
    -6
    -6
    -7
    -7
    -7
    -7
    -7
    -7
    -7
    -7
    -6
    -5
    -4
    -2
    -1
     0
     2
     5
     7
     8
     8
     8
     7
     7
     6
     6
     5
     4
     3
     3
     4
     4
     3
     2
     2
     2
     3
     5
     6
     8
     8
     8
     8
     7
     5
     4
     1
    -1
    -2
    -4
    -3
    -1
    -1
     0
     2
     4
     6
     9
     9
    11
    14
    15
    16
    17
    18
    19
    19
    18
    15
    13
    13
    12
    12
    13
    15
    15
    15
    16
    16
    17
    19
    20
    23
    25
    28
    31
    34
    35
    37
    38
    37
    38
    39
    37
    36
    32
    28
    28
    28
    28
    29
    31
    31
    33
    37
    39
    44
    47
    48
    49
    47
    45
    42
    39
    36
    33
    32
    31
    28
    24
    22
    19
    16
    13
     9
     7
     7
     4
     3
     5
     7
     8
    10
    10
    11
    12
    10
     8
     6
     4
     3
     0
    -3
    -6
   -12
   -16
   -17
   -17
   -16
   -13
   -10
    -3
     2
     3
     3
     5
     4
     4
     5
     5
     5
     5
     4
     6
     5
     2
     2
     2
    -1
    -4
    -6
    -7
    -9
   -10
   -10
   -13
   -19
   -22
   -24
   -28
   -30
   -29
   -27
   -25
   -24
   -25
   -25
   -27
   -29
   -32
   -35
   -36
   -36
   -34
   -33
   -32
   -30
   -27
   -25
   -26
   -29
   -32
   -35
   -41
   -44
   -44
   -45
   -45
   -44
   -49
   -54
   -58
   -63
   -69
   -71
   -71
   -70
   -71
   -74
   -74
   -73
   -70
   -66
   -63
   -60
   -59
   -59
   -55
   -50
   -45
   -41
   -42
   -43
   -43
   -46
   -47
   -42
   -41
   -36
   -28
   -21
   -17
    -9
    -7
    -4
     0
     3
     8
    15
    20
    28
    38
    49
    59
    64
    68
    70
    70
    70
    70
    73
    82
    94
    99
   103
   107
   109
   111
   114
   117
   124
   126
   125
   125
   122
   118
   115
   112
   105
   100
   101
   104
   106
   105
   102
    99
    94
    85
    76
    65
    57
    47
    41
    38
    36
    36
    40
    36
    32
    30
    25
    22
    25
    31
    31
    27
    24
    22
    17
     8
     4
     2
    -7
   -17
   -22
   -29
   -37
   -47
   -63
   -77
   -87
   -93
   -93
   -88
   -86
   -86
   -83
   -76
   -71
   -72
   -76
   -78
   -80
   -85
   -89
   -84
   -72
   -61
   -55
   -51
   -51
   -53
   -53
   -55
   -59
   -59
   -61
   -68
   -74
   -78
   -87
   -93
   -93
   -99
  -100
  -100
  -106
  -106
  -104
  -105
   -98
   -87
   -76
   -63
   -50
   -38
   -18
    -1
    15
    36
    47
    54
    64
    66
    62
    58
    58
    56
    50
    41
    39
    41
    39
    43
    49
    60
    75
    88
    97
   108
   108
   108
   115
   117
   119
   121
   114
   106
   104
    97
    95
   104
   106
   112
   125
   136
   151
   164
   179
   195
   210
   221
   233
   235
   237
   234
   221
   214
   210
   199
   190
   184
   177
   177
   180
   180
   186
   192
   197
   205
   205
   197
   193
   192
   188
   188
   180
   175
   174
   176
   168
   161
   153
   146
   139
   129
   114
   101
    90
    85
    90
   103
   116
   129
   143
   147
   147
   143
   136
   126
   115
   102
    93
    83
    72
    62
    53
    48
    42
    33
    24
    15
     2
    -1
    -3
    -7
    -7
    -5
     0
    13
    27
    35
    43
    48
    52
    62
    70
    72
    70
    59
    45
    39
    34
    27
    20
    15
     8
    -1
    -9
    -3
    -1
     0
     0
    -3
    -7
    -3
    -7
    -7
    -3
   -11
   -11
   -11
   -13
    -7
     0
     4
     8
     8
     4
     6
    10
    10
     6
    -1
    -5
    -3
    -5
    -7
   -10
   -13
   -18
   -28
   -39
   -42
   -42
   -44
   -44
   -46
   -46
   -43
   -42
   -41
   -40
   -41
   -43
   -44
   -45
   -43
   -42
   -41
   -39
   -42
   -43
   -43
   -46
   -47
   -47
   -53
   -58
   -59
   -64
   -69
   -72
   -78
   -77
   -74
   -74
   -72
   -66
   -61
   -61
   -62
   -60
   -50
   -45
   -39
   -33
   -31
   -33
   -33
   -35
   -41
   -42
   -43
   -48
   -53
   -51
   -51
   -51
   -51
   -53
   -57
   -58
   -61
   -59
   -54
   -52
   -55
   -58
   -56
   -55
   -54
   -54
   -54
   -54
   -53
   -46
   -40
   -35
   -33
   -32
   -32
   -35
   -36
   -32
   -28
   -25
   -20
   -18
   -16
    -8
     0
     7
    15
    20
    22
    25
    23
    19
    11
     5
     0
    -2
    -6
    -7
    -6
    -4
    -2
     0
     5
    14
    20
    26
    31
    31
    36
    37
    32
    29
    30
    27
    26
    25
    19
    14
    13
    11
    13
    15
    13
    11
    11
     7
     6
     7
     8
     9
     7
     4
     3
     0
    -6
    -8
   -12
   -16
   -17
   -19
   -21
   -25
   -26
   -29
   -30
   -31
   -30
   -30
   -29
   -27
   -23
   -21
   -18
   -16
   -13
   -11
   -11
   -14
   -16
   -16
   -20
   -22
   -25
   -28
   -32
   -36
   -40
   -44
   -45
   -44
   -44
   -44
   -45
   -47
   -46
   -42
   -39
   -35
   -31
   -26
   -21
   -18
   -16
   -14
   -14
   -14
   -11
    -9
   -10
   -11
   -12
   -13
   -15
   -16
   -18
   -20
   -21
   -23
   -22
   -22
   -21
   -18
   -17
   -15
   -12
   -10
   -10
   -11
   -12
   -11
    -9
    -9
    -9
   -10
   -11
   -11
   -10
   -11
   -10
   -11
   -12
   -10
    -9
   -10
   -10
   -10
    -9
    -7
    -5
    -4
    -2
    -1
     0
     1
     1
     1
     1
     0
    -2
    -4
    -6
    -8
    -9
   -10
   -10
    -9
    -8
    -6
    -5
    -5
    -5
    -5
    -6
    -6
    -6
    -6
    -6
    -8
    -8
    -8
    -9
   -10
    -9
   -10
   -11
   -11
   -12
   -12
   -13
   -13
   -13
   -13
   -13
   -13
   -13
   -13
   -12
   -11
   -10
    -9
    -9
   -10
   -11
   -11
   -11
   -11
   -10
    -8
    -7
    -6
    -4
    -4
    -3
    -1
    -1
    -1
    -2
    -2
    -2
    -2
    -2
    -2
    -2
    -2
    -2
    -2
    -3
    -3
    -3
    -4
    -4
    -4
    -4
    -3
    -4
    -4
    -4
    -4
    -3
    -3
    -2
    -2
    -2
    -2
    -2
    -3
    -3
    -3
    -3
    -3
    -4
    -4
    -4
    -4
    -5
    -5
    -5
    -4
    -4
    -4
    -4
    -4
    -4
    -4
    -4
    -3
    -3
    -4
    -4
    -3
    -3
    -3
    -3
    -3
    -3
    -3
    -3
    -3
    -2
    -2
    -2
    -2
    -2
    -2
    -2
    -1
    -1
    -1
    -1
    -1
    -1
    -1
    -1
    -1
    -1
    -1
    -1
    -1
    -1
    -1
    -1
    -1
    -1
    -1
    -1
    -1
    -1
    -1
     6
   -10
    12
   -13
     9
    -6
     9
   -11
    12
    -8
     1
     3
    -1
    -2
     2
     0
    -1
     1
    -1
     0
     0
     0
     0
     0
     1
    -1
     2
    -1
     2
    -3
     2
     0
    -1
     1
    -2
     2
    -1
     0
     0
    -1
     1
    -1
     0
    -2
     3
    -1
     1
    -1
     2
    -1
     1
    -1
     1
     0
     0
     0
     0
    -1
     0
     0
     0
     0
     0
     0
     0
     0
     0
     0
     0
     0
     1
    -1
     1
    -1
     0
     0
     0
     0
     0
     0
     0
     0
     0
     0
     0
     0
     0
     0
     0
     0
     0
     0
     0
     0
     0
     0
     0
     0
     0
     0
     0
     0
     0
     0
     0
     0
     0
     0
     0
     0
     0
     0
     0
     0
     0
     0
     0
     0
     0
     0
     0
     0
     0
     0
     0
     0
     0
     0
     0
     0
     0
     0
     0
     0
     0
     0
     0
     0
     0
     0
     0
     0
     0
     0
     0
     0
     0
     0
     0
     0
     0
     0
     0
     0
     0
     0
     0
     0
     0
     0
     0
     0
     0
     0
     0
     0
     0
     0
     0
     0
     0
     0
     0
     0
     0
     0
     0
     0
     0
     0
     0
     0
     0
     0
     0
     0
     0
     0
     0
     0
     0
     0
     0
     0
     0
     0
     0
     0
     0
     0
     0
     0
     0
     0
     0
     0
     0
     0
     0
     0
     0
     0
     0
     0
     0
     0
     0
     0
     0
     0
     0
     0
     0
     0
     0
     0
     0
     0
     0
     0
     0
     0
     0
     0
     0
     0
     0
     0
     0
     0
     0
     0
     0
     0
     0
     0
     0
     0
     0
     0
     0
     0
     0
     0
     0
     0
     0
     0
     0
     0
     0
     0
     0
     0
     0
     0
     0
     0
     0
     0
     0
     0
     0
     0
     0
     0
     0
     0
     0
     0
     0
     0
     0
     0
     0
     0
     0
     0
     0
     0
     0
     0
     0
     0
     0
     0
     0
     0
     0
     0
     0
     0
     0
     0
     0
     0
     0
     0
     0
     0
     0
     0
     0
     0
     0
     0
     0
     0
     0
     0
     0
     0
     0
     0
     0
     0
     0
     0
     0
     0
     0
     0
     0
     0
     0
     0
     0
     0
     0
     0
     0
     0
     0
     0
     0
     0
     0
     0
     0
     0
     0
     0
     0
     0
     0
     0
     0
     0
     0
     0
     0
     0
     0
     0
     0
     0
     0
     0
     0
     0
     0
     0
     0
     0
     0
     0
     0
     0
     0
     0
     0
     0
     0
     0
     0
     0
     0
     0
     0
     0
     0
     0
     0
     0
     0
     0
     0
     0
     0
     0
     0
     0
     0
     0
     0
     0
     0
     0
     0
     0
     0
     0
     0
     0
     0
     0
     0
     0
     0
     0
     0
     0
     0
     0
     0
     0
     0
     0
     0
     0
     0
     0
     0
     0
     0
     0
     0
     0
     0
     0
     0
     0
     0
     0
     0
     0
     0
     0
     0
     0
     0
     0
     0
     0
     0
     0
     0
     0
     0
     0
     0
     0
     0
     0
     0
     0
     0
     0
     0
     0
     0
     0
     0
     0
     0
     0
     0
     0
     0
     0
     0
     0
     0
     0
     0
     0
     0
     0
     0
     0
     0
     0
     0
     0
     0
     0
     0
     0
     0
     0
     0
     0
     0
     0
     0
     0
     0
     0
     0
     0
     0
     0
     0
     0
     0
     0
     0
     0
     0
     0
     0
     0
     0
     0
     0
     0
     0
     0
     0
     0
     0
     0
     0
     0
     0
     0
     0
     0
     0
     0
     0
     0
     0
     0
     0
     0
     0
     0
     0
     0
     0
     0
     0
     0
     0
     0
     0
     0
     0
     0
     0
     0
     0
     0
     0
     0
     0
     0
     0
     0
     0
     0
     0
     0
     0
     0
     0
     0
     0
     0
     0
     0
     0
     0
     0
     0
     0
     0
     0
     0
     0
     0
     0
     0
     0
     0
     0
     0
     0
     0
     0
     0
     0
     0
     0
     0
     0
     0
     0
     0
     0
     0
     0
     0
     0
     0
     0
     0
     0
     0
     0
     0
     0
     0
     0
     0
     0
     0
     0
     0
     0
     0
     0
     0
     0
     0
     0
     0
     0
     0
     0
     0
     0
     0
     0
     0
     0
     0
     0
     0
     0
     0
     0
     0
     0
     0
     0
     0
     0
     0
     0
     0
     0
     0
     0
     0
     0
     0
     0
     0
     0
     0
     0
     0
     0
     0
     0
     0
     0
     0
     0
     0
     0
     0
     0
     0
     0
     0
     0
     0
     0
     0
     0
     0
     0
     0
     0
     0
     0
     0
     0
     0
     0
     0
     0
     0
     0
     0
     0
     0
     0
     0
     0
     0
     0
     0
     0
     0
     0
     0
     0
     0
     0
     0
     0
     0
     0
     0
     0
     0
     0
     0
     0
     0
     0
     0
     0
     0
     0
     0
     0
     0
     0
     0
     0
     0
     0
     0
     0
     0
     0
     0
     0
     0
     0
     0
     0
     0
     0
     0
     0
     0
     0
     0
     0
     0
     0
     0
     0
     0
     0
     0
     0
     0
     0
     0
     0
     0
     0
     0
     0
     0
     0
     0
     0
     0
     0
     0
     0
     0
     0
     0
     0
     0
     0
     0
     0
     0
     0
     0
     0
     0
     0
     0
     0
     0
     0
     0
     0
     0
     0
     0
     0
     0
     0
     0
     0
     0
     0
     0
     0
     0
     0
     0
     0
     0
     0
     0
     0
     0
     0
     0
     0
     0
     0
     0
     0
     0
     0
     0
     0
     0
     0
     0
     0
     0
     0
     0
     0
     0
     0
     0
     0
     0
     0
     0
     0
     0
     0
     0
     0
     0
     0
     0
     0
     0
     0
     0
     0
     0
     0
     0
     0
     0
     0
     0
     0
     0
     0
     0
     0
     0
     0
     0
     0
     0
     0
     0
     0
     0
     0
     0
     0
     0
     0
     0
     0
     0
     0
     0
     0
     0
     0
     0
     0
     0
     0
     0
     0
     0
     0
     0
     0
     0
     0
     0
     0
     0
     0
     0
     0
     0
     0
     0
     0
     0
     0
     0
     0
     0
     0
     0
     0
     0
     0
     0
     0
     0
     0
     0
     0
     0
     0
     0
     0
     0
     0
     0
     0
     0
     0
    -1
     1
    -1
     1
     0
     0
     0
     0
     0
     0
     0
     0
     0
     0
     0
     0
    -1
     0
     0
     0
     0
     1
    -1
     1
    -1
     2
    -1
     1
    -1
     3
    -2
     0
    -1
     1
    -1
     0
     0
    -1
     2
    -2
     1
    -1
     0
     2
    -3
     2
    -1
     2
    -1
     1
     0
     0
     0
     0
     0
    -1
     1
    -1
     0
     2
    -2
    -1
     3
     1
    -8
    12
   -11
     9
    -6
     9
   -13
    12
    -1
     0
     0
     0
     0
     0
     0
     0
     0
     0
     0
     0
     0
     0
     0
     0
     0
     0
     0
     0
     0
     0
     0
     0
     0
     0
     1
     1
     1
     1
     1
     1
     1
     1
     1
     1
     1
     1
     1
     1
     1
     1
     2
     2
     2
     2
     2
     2
     2
     2
     2
     1
     1
     1
     1
     1
     1
     1
     0
     0
     0
    -1
    -1
    -1
    -1
    -1
     0
     0
     1
     1
     2
     2
     2
     3
     3
     3
     3
     3
     2
     2
     2
     1
     1
     0
     0
    -1
    -1
    -1
    -1
     0
     0
    -1
    -1
    -1
    -1
    -1
    -1
    -1
    -2
    -2
    -2
    -1
     0
     0
     0
     0
     0
     0
     1
     1
     0
    -1
    -1
    -1
    -1
    -1
    -2
    -2
    -3
    -4
    -6
    -7
    -7
    -7
    -7
    -8
    -8
    -8
    -7
    -8
    -7
    -8
    -8
    -8
    -9
    -8
    -9
    -8
    -8
    -9
    -9
    -9
   -10
   -11
   -11
   -12
   -13
   -14
   -16
   -17
   -18
   -19
   -20
   -19
   -19
   -19
   -18
   -17
   -17
   -18
   -17
   -15
   -13
   -12
   -10
   -10
   -10
   -10
   -12
   -13
   -14
   -15
   -17
   -18
   -18
   -18
   -18
   -18
   -20
   -21
   -22
   -23
   -23
   -21
   -21
   -23
   -24
   -24
   -23
   -23
   -24
   -24
   -24
   -24
   -21
   -18
   -17
   -16
   -15
   -15
   -17
   -18
   -17
   -15
   -13
   -10
   -10
    -9
    -4
     0
     4
     9
    12
    12
    14
    14
    11
     6
     3
     0
    -2
    -4
    -5
    -4
    -2
    -2
     0
     3
     9
    14
    19
    23
    23
    26
    28
    24
    23
    24
    22
    21
    20
    15
    12
    11
    10
    11
    13
    11
    10
    10
     6
     5
     6
     7
     8
     6
     4
     3
     0
    -6
    -9
   -13
   -16
   -19
   -20
   -24
   -27
   -30
   -33
   -35
   -36
   -35
   -35
   -36
   -33
   -29
   -26
   -23
   -20
   -17
   -14
   -15
   -20
   -23
   -23
   -27
   -32
   -35
   -41
   -48
   -54
   -61
   -68
   -69
   -70
   -70
   -70
   -74
   -78
   -77
   -72
   -67
   -60
   -55
   -47
   -39
   -33
   -29
   -25
   -25
   -27
   -21
   -17
   -20
   -23
   -24
   -28
   -30
   -33
   -38
   -44
   -48
   -52
   -51
   -51
   -50
   -44
   -39
   -36
   -29
   -26
   -26
   -27
   -29
   -28
   -25
   -23
   -23
   -26
   -30
   -30
   -29
   -30
   -31
   -32
   -35
   -31
   -29
   -31
   -31
   -31
   -30
   -23
   -16
   -11
    -6
    -3
     0
     5
     5
     3
     3
     0
    -8
   -15
   -22
   -30
   -36
   -41
   -41
   -38
   -33
   -26
   -21
   -20
   -21
   -25
   -26
   -26
   -28
   -30
   -33
   -39
   -41
   -44
   -53
   -54
   -55
   -59
   -66
   -71
   -74
   -79
   -82
   -84
   -84
   -86
   -88
   -90
   -93
   -93
   -89
   -86
   -80
   -73
   -75
   -80
   -88
   -95
   -97
   -95
   -91
   -78
   -64
   -52
   -41
   -32
   -22
   -12
    -9
   -11
   -13
   -17
   -23
   -24
   -26
   -23
   -19
   -21
   -26
   -30
   -33
   -40
   -48
   -52
   -54
   -54
   -54
   -53
   -58
   -67
   -69
   -63
   -59
   -51
   -45
   -43
   -41
   -39
   -47
   -55
   -61
   -68
   -79
   -90
  -104
  -121
  -132
  -138
  -146
  -153
  -155
  -160
  -165
  -169
  -171
  -171
  -164
  -160
  -165
  -166
  -174
  -188
  -199
  -204
  -205
  -205
  -205
  -209
  -213
  -222
  -230
  -230
  -232
  -229
  -219
  -216
  -212
  -203
  -197
  -196
  -191
  -181
  -174
  -170
  -167
  -167
  -172
  -172
  -167
  -159
  -154
  -148
  -146
  -141
  -141
  -146
  -142
  -133
  -124
  -116
  -107
   -98
   -89
   -79
   -63
   -46
   -33
   -14
    -5
    -9
    -7
    -5
   -11
    -5
     2
    10
    24
    32
    34
    41
    45
    45
    56
    65
    71
    75
    71
    67
    63
    54
    50
    58
    62
    60
    62
    60
    58
    63
    71
    75
    74
    72
    68
    64
    64
    64
    61
    61
    62
    64
    66
    68
    64
    64
    72
    74
    80
    93
   101
   109
   120
   123
   126
   137
   144
   148
   154
   160
   161
   168
   173
   176
   182
   184
   183
   179
   173
   164
   156
   146
   137
   125
   111
   102
    98
    95
    96
   101
   105
   113
   129
   143
   157
   162
   162
   162
   166
   169
   171
   170
   166
   164
   163
   154
   143
   141
   143
   139
   138
   138
   140
   143
   149
   154
   159
   157
   145
   140
   136
   126
   119
   112
   100
    89
    79
    70
    63
    56
    48
    41
    35
    37
    43
    49
    53
    55
    57
    60
    61
    63
    67
    67
    62
    59
    51
    39
    32
    25
    20
    19
    11
     8
    12
    20
    27
    38
    42
    45
    55
    65
    73
    80
    81
    79
    77
    73
    68
    66
    63
    51
    40
    31
    20
    16
    14
    11
    11
    17
    22
    29
    43
    55
    71
    83
    92
    96
   100
   100
   109
   117
   115
   114
   116
   114
   109
   104
    97
    90
    84
    78
    77
    75
    70
    67
    64
    60
    63
    67
    68
    71
    76
    75
    75
    76
    76
    78
    80
    80
    77
    72
    69
    66
    66
    68
    71
    69
    63
    59
    55
    57
    63
    66
    67
    68
    67
    70
    75
    77
    74
    70
    66
    64
    60
    57
    57
    52
    45
    37
    30
    26
    26
    27
    27
    27
    23
    23
    28
    34
    37
    39
    40
    38
    39
    43
    50
    55
    54
    53
    49
    44
    44
    44
    43
    40
    37
    35
    36
    35
    35
    36
    35
    33
    34
    34
    32
    28
    23
    20
    17
    15
    13
    11
     9
     6
     0
    -7
   -11
   -11
   -10
   -11
   -13
   -14
   -16
   -17
   -14
    -9
    -5
    -5
    -7
    -9
   -12
   -14
   -15
   -15
   -18
   -21
   -25
   -28
   -30
   -30
   -31
   -33
   -32
   -34
   -37
   -41
   -43
   -47
   -52
   -56
   -58
   -60
   -61
   -62
   -64
   -66
   -67
   -68
   -67
   -65
   -62
   -62
   -63
   -64
   -65
   -66
   -64
   -64
   -64
   -66
   -67
   -67
   -65
   -63
   -62
   -61
   -61
   -59
   -59
   -59
   -59
   -59
   -59
   -59
   -59
   -60
   -61
   -61
   -61
   -60
   -60
   -60
   -58
   -56
   -53
   -50
   -47
   -46
   -46
   -44
   -41
   -39
   -37
   -35
   -35
   -35
   -35
   -32
   -30
   -30
   -30
   -29
   -28
   -28
   -27
   -27
   -25
   -23
   -22
   -20
   -18
   -17
   -16
   -15
   -13
   -13
   -12
   -12
   -11
    -9
    -8
    -7
    -6
    -5
    -4
    -2
    -1
     1
     2
     3
     4
     4
     5
     5
     5
     5
     5
     5
     5
     5
     5
     5
     5
     5
     6
     6
     6
     6
     7
     8
     9
    10
    10
    10
    11
    11
    11
    10
    10
    10
    10
    10
    10
    10
     9
     9
     9
     8
     8
     8
     7
     7
     7
     7
     6
     6
     5
     5
     5
     5
     4
     4
     3
     3
     3
     3
     3
     3
     3
     2
     2
     2
     2
     2
     2
     2
     1
     1
     1
     1
     1
     0
     0
     0
     0
     0
     0
     0
     0
     0
     0
     0
     0
     0
     0
     0
     0
     0
     0
     0
     0
     0
     0
     0
    -2
    -1
    -6
    14
    -3
     6
   -12
     3
    -3
     4
     2
    -4
     3
    -2
     2
    -2
     1
     0
     0
     0
     0
     0
     0
     1
    -3
     2
     0
    -1
    -1
     1
     1
    -1
     1
    -1
     0
     0
    -1
     1
    -1
     0
    -1
     2
    -1
    -1
     2
    -2
     1
     0
     0
     1
     0
    -1
     1
     0
     1
     0
     0
     0
     0
     0
     0
     0
     0
     0
     0
     0
     0
     0
     0
     0
    -1
     1
     0
     0
     0
     0
     0
     0
     0
     0
     0
     0
     0
     0
     0
     0
     0
     0
     0
     0
     0
     0
     0
     0
     0
     0
     0
     0
     0
     0
     0
     0
     0
     0
     0
     0
     0
     0
     0
     0
     0
     0
     0
     0
     0
     0
     0
     0
     0
     0
     0
     0
     0
     0
     0
     0
     0
     0
     0
     0
     0
     0
     0
     0
     0
     0
     0
     0
     0
     0
     0
     0
     0
     0
     0
     0
     0
     0
     0
     0
     0
     0
     0
     0
     0
     0
     0
     0
     0
     0
     0
     0
     0
     0
     0
     0
     0
     0
     0
     0
     0
     0
     0
     0
     0
     0
     0
     0
     0
     0
     0
     0
     0
     0
     0
     0
     0
     0
     0
     0
     0
     0
     0
     0
     0
     0
     0
     0
     0
     0
     0
     0
     0
     0
     0
     0
     0
     0
     0
     0
     0
     0
     0
     0
     0
     0
     0
     0
     0
     0
     0
     0
     0
     0
     0
     0
     0
     0
     0
     0
     0
     0
     0
     0
     0
     0
     0
     0
     0
     0
     0
     0
     0
     0
     0
     0
     0
     0
     0
     0
     0
     0
     0
     0
     0
     0
     0
     0
     0
     0
     0
     0
     0
     0
     0
     0
     0
     0
     0
     0
     0
     0
     0
     0
     0
     0
     0
     0
     0
     0
     0
     0
     0
     0
     0
     0
     0
     0
     0
     0
     0
     0
     0
     0
     0
     0
     0
     0
     0
     0
     0
     0
     0
     0
     0
     0
     0
     0
     0
     0
     0
     0
     0
     0
     0
     0
     0
     0
     0
     0
     0
     0
     0
     0
     0
     0
     0
     0
     0
     0
     0
     0
     0
     0
     0
     0
     0
     0
     0
     0
     0
     0
     0
     0
     0
     0
     0
     0
     0
     0
     0
     0
     0
     0
     0
     0
     0
     0
     0
     0
     0
     0
     0
     0
     0
     0
     0
     0
     0
     0
     0
     0
     0
     0
     0
     0
     0
     0
     0
     0
     0
     0
     0
     0
     0
     0
     0
     0
     0
     0
     0
     0
     0
     0
     0
     0
     0
     0
     0
     0
     0
     0
     0
     0
     0
     0
     0
     0
     0
     0
     0
     0
     0
     0
     0
     0
     0
     0
     0
     0
     0
     0
     0
     0
     0
     0
     0
     0
     0
     0
     0
     0
     0
     0
     0
     0
     0
     0
     0
     0
     0
     0
     0
     0
     0
     0
     0
     0
     0
     0
     0
     0
     0
     0
     0
     0
     0
     0
     0
     0
     0
     0
     0
     0
     0
     0
     0
     0
     0
     0
     0
     0
     0
     0
     0
     0
     0
     0
     0
     0
     0
     0
     0
     0
     0
     0
     0
     0
     0
     0
     0
     0
     0
     0
     0
     0
     0
     0
     0
     0
     0
     0
     0
     0
     0
     0
     0
     0
     0
     0
     0
     0
     0
     0
     0
     0
     0
     0
     0
     0
     0
     0
     0
     0
     0
     0
     0
     0
     0
     0
     0
     0
     0
     0
     0
     0
     0
     0
     0
     0
     0
     0
     0
     0
     0
     0
     0
     0
     0
     0
     0
     0
     0
     0
     0
     0
     0
     0
     0
     0
     0
     0
     0
     0
     0
     0
     0
     0
     0
     0
     0
     0
     0
     0
     0
     0
     0
     0
     0
     0
     0
     0
     0
     0
     0
     0
     0
     0
     0
     0
     0
     0
     0
     0
     0
     0
     0
     0
     0
     0
     0
     0
     0
     0
     0
     0
     0
     0
     0
     0
     0
     0
     0
     0
     0
     0
     0
     0
     0
     0
     0
     0
     0
     0
     0
     0
     0
     0
     0
     0
     0
     0
     0
     0
     0
     0
     0
     0
     0
     0
     0
     0
     0
     0
     0
     0
     0
     0
     0
     0
     0
     0
     0
     0
     0
     0
     0
     0
     0
     0
     0
     0
     0
     0
     0
     0
     0
     0
     0
     0
     0
     0
     0
     0
     0
     0
     0
     0
     0
     0
     0
     0
     0
     0
     0
     0
     0
     0
     0
     0
     0
     0
     0
     0
     0
     0
     0
     0
     0
     0
     0
     0
     0
     0
     0
     0
     0
     0
     0
     0
     0
     0
     0
     0
     0
     0
     0
     0
     0
     0
     0
     0
     0
     0
     0
     0
     0
     0
     0
     0
     0
     0
     0
     0
     0
     0
     0
     0
     0
     0
     0
     0
     0
     0
     0
     0
     0
     0
     0
     0
     0
     0
     0
     0
     0
     0
     0
     0
     0
     0
     0
     0
     0
     0
     0
     0
     0
     0
     0
     0
     0
     0
     0
     0
     0
     0
     0
     0
     0
     0
     0
     0
     0
     0
     0
     0
     0
     0
     0
     0
     0
     0
     0
     0
     0
     0
     0
     0
     0
     0
     0
     0
     0
     0
     0
     0
     0
     0
     0
     0
     0
     0
     0
     0
     0
     0
     0
     0
     0
     0
     0
     0
     0
     0
     0
     0
     0
     0
     0
     0
     0
     0
     0
     0
     0
     0
     0
     0
     0
     0
     0
     0
     0
     0
     0
     0
     0
     0
     0
     0
     0
     0
     0
     0
     0
     0
     0
     0
     0
     0
     0
     0
     0
     0
     0
     0
     0
     0
     0
     0
     0
     0
     0
     0
     0
     0
     0
     0
     0
     0
     0
     0
     0
     0
     0
     0
     0
     0
     0
     0
     0
     0
     0
     0
     0
     0
     0
     0
     0
     0
     0
     0
     0
     0
     0
     0
     0
     0
     0
     0
     0
     0
     0
     0
     0
     0
     0
     0
     0
     0
     0
     0
     0
     0
     0
     0
     0
     0
     0
     0
     0
     0
     0
     0
     0
     0
     0
     0
     0
     0
     0
     0
     0
     0
     0
     0
     0
     0
     0
     0
     0
     0
     0
     1
    -1
     0
     0
     0
     0
     0
     0
     0
     0
     0
     0
     0
     0
     0
     0
     0
     1
     0
     1
    -1
     0
     1
     0
     0
     1
    -2
     2
    -1
    -1
     2
    -1
     0
    -1
     1
    -1
     0
     0
    -1
     1
    -1
     1
     1
    -1
    -1
     0
     2
    -3
     1
     0
     0
     0
     0
     0
     0
     1
    -2
     2
    -2
     3
    -4
     2
     4
    -3
     3
   -12
     6
    -3
    14
    -6
     0
     0
     0
    -1
    -1
    -1
    -1
    -1
    -1
    -1
    -1
    -1
    -1
     0
     0
     0
     0
     0
     0
     0
     0
     0
     0
     0
     0
     0
     0
     0
     0
     0
     0
     0
     0
     0
     0
     0
     0
     0
     0
     1
     1
     1
     1
     1
     1
     1
     1
     1
     1
     1
     1
     1
     1
     1
     2
     2
     2
     3
     3
     3
     4
     4
     4
     5
     5
     6
     6
     6
     7
     7
     8
     8
     9
     9
     9
     9
     9
     8
     8
     8
     7
     6
     6
     6
     6
     6
     7
     7
     8
     9
    11
    12
    13
    13
    13
    14
    15
    15
    16
    16
    16
    16
    15
    15
    15
    15
    15
    15
    16
    16
    17
    18
    19
    20
    20
    19
    18
    18
    17
    17
    16
    14
    13
    12
    10
    10
     9
     8
     6
     6
     6
     7
     9
     9
    10
    10
    11
    12
    12
    13
    13
    13
    12
    11
     8
     7
     5
     4
     4
     2
     2
     3
     4
     7
     9
    10
    11
    14
    17
    20
    22
    23
    22
    22
    22
    20
    20
    19
    16
    12
    10
     6
     5
     5
     4
     4
     6
     8
    10
    15
    20
    26
    32
    35
    38
    40
    41
    44
    49
    49
    48
    50
    50
    49
    47
    44
    42
    39
    37
    37
    37
    34
    34
    33
    31
    32
    35
    36
    39
    41
    42
    42
    43
    43
    45
    48
    48
    46
    45
    43
    42
    42
    44
    46
    46
    43
    40
    38
    40
    45
    48
    48
    49
    50
    53
    57
    59
    58
    55
    53
    51
    50
    47
    47
    45
    39
    32
    26
    23
    24
    25
    25
    25
    22
    22
    28
    33
    37
    39
    40
    40
    41
    46
    54
    59
    60
    59
    55
    51
    51
    51
    52
    49
    45
    43
    44
    45
    45
    46
    45
    45
    46
    46
    44
    39
    33
    29
    26
    22
    19
    17
    15
     9
     0
   -10
   -17
   -17
   -16
   -17
   -21
   -24
   -27
   -30
   -24
   -16
    -8
    -8
   -14
   -17
   -22
   -27
   -28
   -30
   -36
   -43
   -50
   -58
   -63
   -65
   -68
   -71
   -72
   -76
   -86
   -95
  -100
  -113
  -127
  -136
  -143
  -152
  -157
  -159
  -167
  -174
  -180
  -185
  -186
  -181
  -176
  -178
  -184
  -191
  -197
  -200
  -200
  -200
  -206
  -213
  -221
  -223
  -221
  -218
  -215
  -216
  -218
  -216
  -216
  -220
  -225
  -227
  -231
  -235
  -240
  -247
  -253
  -257
  -261
  -263
  -267
  -269
  -265
  -258
  -248
  -238
  -230
  -229
  -231
  -226
  -216
  -205
  -196
  -194
  -198
  -201
  -199
  -189
  -180
  -182
  -184
  -179
  -180
  -182
  -181
  -180
  -174
  -163
  -153
  -142
  -131
  -126
  -122
  -114
  -106
  -101
  -100
   -98
   -88
   -81
   -72
   -64
   -58
   -49
   -34
   -19
    -1
    18
    32
    40
    46
    56
    60
    62
    62
    66
    68
    70
    70
    70
    71
    77
    83
    92
   100
   100
   102
   117
   133
   152
   175
   193
   208
   222
   236
   246
   247
   248
   250
   258
   271
   282
   287
   284
   281
   277
   281
   287
   289
   287
   285
   283
   281
   283
   280
   269
   261
   261
   263
   261
   251
   236
   235
   242
   246
   250
   254
   252
   252
   256
   262
   264
   264
   262
   266
   264
   256
   246
   231
   213
   200
   197
   192
   182
   171
   160
   151
   143
   141
   136
   121
   108
   102
   101
   101
    97
    91
    88
    89
    89
    84
    71
    65
    64
    64
    68
    69
    62
    58
    60
    63
    65
    65
    65
    75
    84
    86
    88
    89
    84
    75
    67
    56
    45
    36
    24
    13
     8
     6
    10
    15
    21
    23
    24
    30
    36
    37
    30
    23
    24
    26
    23
    15
     8
     8
    11
    13
    15
    17
    19
    30
    41
    41
    34
    26
    23
    23
    19
    19
    19
    10
    -3
   -12
   -25
   -36
   -41
   -49
   -53
   -53
   -53
   -49
   -45
   -43
   -43
   -39
   -37
   -39
   -46
   -57
   -65
   -63
   -56
   -54
   -60
   -64
   -60
   -52
   -52
   -62
   -76
   -90
   -95
   -95
   -93
   -95
   -98
   -96
   -93
   -87
   -78
   -65
   -51
   -44
   -39
   -34
   -34
   -37
   -42
   -46
   -55
   -63
   -69
   -71
   -78
   -86
   -91
   -94
   -97
   -97
  -100
   -98
   -88
   -83
   -84
   -88
   -92
   -91
   -80
   -72
   -70
   -68
   -66
   -49
   -25
   -10
    -1
     4
     5
     5
     5
     0
   -10
   -15
   -23
   -34
   -37
   -42
   -44
   -45
   -53
   -65
   -73
   -81
   -91
   -97
  -101
  -103
   -94
   -84
   -83
   -79
   -66
   -54
   -40
   -33
   -36
   -39
   -36
   -30
   -21
   -19
   -26
   -34
   -42
   -50
   -54
   -61
   -69
   -73
   -76
   -84
   -87
   -93
  -100
  -105
  -112
  -121
  -129
  -135
  -140
  -141
  -142
  -142
  -142
  -146
  -150
  -148
  -150
  -153
  -159
  -172
  -185
  -189
  -188
  -188
  -189
  -201
  -212
  -211
  -205
  -200
  -195
  -195
  -197
  -199
  -202
  -203
  -199
  -199
  -195
  -189
  -190
  -188
  -182
  -177
  -167
  -159
  -157
  -153
  -148
  -150
  -150
  -152
  -160
  -167
  -167
  -168
  -165
  -159
  -151
  -143
  -138
  -133
  -123
  -111
  -104
  -101
  -101
  -104
  -105
  -103
   -99
   -95
   -90
   -85
   -81
   -77
   -73
   -70
   -65
   -56
   -47
   -42
   -39
   -35
   -30
   -27
   -25
   -23
   -20
   -16
   -11
    -6
    -3
     0
     4
     9
    13
    19
    27
    33
    37
    44
    46
    51
    55
    59
    62
    63
    60
    60
    62
    61
    61
    61
    59
    55
    49
    44
    40
    37
    37
    41
    45
    48
    50
    51
    56
    61
    60
    60
    65
    67
    66
    66
    66
    66
    68
    70
    72
    75
    77
    77
    80
    82
    83
    86
    90
    93
    95
    94
    92
    91
    90
    88
    88
    87
    85
    83
    84
    84
    84
    84
    84
    85
    87
    88
    91
    92
    93
    94
    96
    98
    99
    99
    99
    98
    96
    92
    89
    87
    84
    84
    83
    81
    78
    73
    70
    68
    66
    62
    59
    56
    52
    48
    43
    39
    36
    34
    33
    33
    32
    30
    29
    28
    29
    30
    31
    32
    33
    33
    32
    32
    33
    34
    35
    35
    34
    32
    30
    27
    24
    22
    20
    18
    17
    15
    13
    11
     9
     7
     6
     4
     3
     2
     1
    -1
    -3
    -4
    -5
    -5
    -5
    -5
    -6
    -7
    -7
    -7
    -8
    -8
    -9
    -9
    -9
    -9
   -10
   -10
   -11
   -11
   -11
   -12
   -12
   -13
   -13
   -14
   -14
   -14
   -13
   -13
   -12
   -12
   -11
   -11
   -10
    -9
    -8
    -8
    -7
    -7
    -6
    -6
    -6
    -6
    -6
    -6
    -6
    -6
    -6
    -7
    -7
    -7
    -6
    -6
    -6
    -6
    -5
    -5
    -5
    -5
    -4
    -4
    -4
    -4
    -4
    -4
    -4
    -4
    -3
    -3
    -3
    -3
    -3
    -3
    -3
    -3
    -2
    -2
    -2
    -2
    -2
    -2
    -2
    -2
    -1
    -1
    -1
    -1
    -1
    -1
    -1
    -1
    -1
    -1
    -1
    -1
    -1
    -1
    -1
    -3
     4
    21
   -46
    19
     5
    -4
     5
    -7
     8
    -6
     3
    -1
     1
    -1
     0
    -1
     0
     1
     0
    -1
     0
     1
    -1
    -1
     0
    -1
     3
    -2
    -1
     1
    -2
     2
     0
    -2
     1
     0
    -1
     1
     0
     0
    -1
     0
     1
     0
     0
     0
     0
    -1
     1
    -1
     1
    -1
     0
     0
     0
     0
     0
     0
    -1
     1
     0
     0
    -1
     1
     0
     0
     0
     0
     0
     0
     0
     0
     0
     0
     0
     0
     0
     0
     0
     0
     0
     0
     0
     0
     0
     0
     0
     0
     0
     0
     0
     0
     0
     0
     0
     0
     0
     0
     0
     0
     0
     0
     0
     0
     0
     0
     0
     0
     0
     0
     0
     0
     0
     0
     0
     0
     0
     0
     0
     0
     0
     0
     0
     0
     0
     0
     0
     0
     0
     0
     0
     0
     0
     0
     0
     0
     0
     0
     0
     0
     0
     0
     0
     0
     0
     0
     0
     1
     0
     0
     0
     0
     0
     0
     0
     0
     0
     0
     0
     0
     0
     0
     0
     0
     0
     0
     0
     0
     0
     0
     0
     0
     0
     0
     0
     0
     0
     0
     0
     0
     0
     0
     0
     0
     0
     0
     0
     0
     0
     0
     0
     0
     0
     0
     0
     0
     0
     0
     0
     0
     0
     0
     0
     0
     0
     0
     0
     0
     0
     0
     0
     0
     0
     0
     0
     0
     0
     0
     0
     0
     0
     0
     0
     0
     0
     0
     0
     0
     0
     0
     0
     0
     0
     0
     0
     0
     0
     0
     0
     0
     0
     0
     0
     0
     0
     0
     0
     0
     0
     0
     0
     0
     0
     0
     0
     0
     0
     0
     0
     0
     0
     0
     0
     0
     0
     0
     0
     0
     0
     0
     0
     0
     0
     0
     0
     0
     0
     0
     0
     0
     0
     0
     0
     0
     0
     0
     0
     0
     0
     0
     0
     0
     0
     0
     0
     0
     0
     0
     0
     0
     0
     0
     0
     0
     0
     0
     0
     0
     0
     0
     0
     0
     0
     0
     0
     0
     0
     0
     0
     0
     0
     0
     0
     0
     0
     0
     0
     0
     0
     0
     0
     0
     0
     0
     0
     0
     0
     0
     0
     0
     0
     0
     0
     0
     0
     0
     0
     0
     0
     0
     0
     0
     0
     0
     0
     0
     0
     0
     0
     0
     0
     0
     0
     0
     0
     0
     0
     0
     0
     0
     0
     0
     0
     0
     0
     0
     0
     0
     0
     0
     0
     0
     0
     0
     0
     0
     0
     0
     0
     0
     0
     0
     0
     0
     0
     0
     0
     0
     0
     0
     0
     0
     0
     0
     0
     0
     0
     0
     0
     0
     0
     0
     0
     0
     0
     0
     0
     0
     0
     0
     0
     0
     0
     0
     0
     0
     0
     0
     0
     0
     0
     0
     0
     0
     0
     0
     0
     0
     0
     0
     0
     0
     0
     0
     0
     0
     0
     0
     0
     0
     0
     0
     0
     0
     0
     0
     0
     0
     0
     0
     0
     0
     0
     0
     0
     0
     0
     0
     0
     0
     0
     0
     0
     0
     0
     0
     0
     0
     0
     0
     0
     0
     0
     0
     0
     0
     0
     0
     0
     0
     0
     0
     0
     0
     0
     0
     0
     0
     0
     0
     0
     0
     0
     0
     0
     0
     0
     0
     0
     0
     0
     0
     0
     0
     0
     0
     0
     0
     0
     0
     0
     0
     0
     0
     0
     0
     0
     0
     0
     0
     0
     0
     0
     0
     0
     0
     0
     0
     0
     0
     0
     0
     0
     0
     0
     0
     0
     0
     0
     0
     0
     0
     0
     0
     0
     0
     0
     0
     0
     0
     0
     0
     0
     0
     0
     0
     0
     0
     0
     0
     0
     0
     0
     0
     0
     0
     0
     0
     0
     0
     0
     0
     0
     0
     0
     0
     0
     0
     0
     0
     0
     0
     0
     0
     0
     0
     0
     0
     0
     0
     0
     0
     0
     0
     0
     0
     0
     0
     0
     0
     0
     0
     0
     0
     0
     0
     0
     0
     0
     0
     0
     0
     0
     0
     0
     0
     0
     0
     0
     0
     0
     0
     0
     0
     0
     0
     0
     0
     0
     0
     0
     0
     0
     0
     0
     0
     0
     0
     0
     0
     0
     0
     0
     0
     0
     0
     0
     0
     0
     0
     0
     0
     0
     0
     0
     0
     0
     0
     0
     0
     0
     0
     0
     0
     0
     0
     0
     0
     0
     0
     0
     0
     0
     0
     0
     0
     0
     0
     0
     0
     0
     0
     0
     0
     0
     0
     0
     0
     0
     0
     0
     0
     0
     0
     0
     0
     0
     0
     0
     0
     0
     0
     0
     0
     0
     0
     0
     0
     0
     0
     0
     0
     0
     0
     0
     0
     0
     0
     0
     0
     0
     0
     0
     0
     0
     0
     0
     0
     0
     0
     0
     0
     0
     0
     0
     0
     0
     0
     0
     0
     0
     0
     0
     0
     0
     0
     0
     0
     0
     0
     0
     0
     0
     0
     0
     0
     0
     0
     0
     0
     0
     0
     0
     0
     0
     0
     0
     0
     0
     0
     0
     0
     0
     0
     0
     0
     0
     0
     0
     0
     0
     0
     0
     0
     0
     0
     0
     0
     0
     0
     0
     0
     0
     0
     0
     0
     0
     0
     0
     0
     0
     0
     0
     0
     0
     0
     0
     0
     0
     0
     0
     0
     0
     0
     0
     0
     0
     0
     0
     0
     0
     0
     0
     0
     0
     0
     0
     0
     0
     0
     0
     0
     0
     0
     0
     0
     0
     0
     0
     0
     0
     0
     0
     0
     0
     0
     0
     0
     0
     0
     0
     0
     0
     0
     0
     0
     0
     0
     0
     0
     0
     0
     0
     0
     0
     1
     0
     0
     0
     0
     0
     0
     0
     0
     0
     0
     0
     0
     0
     0
     0
     0
     0
     0
     0
     0
     0
     0
     0
     0
     0
     0
     0
     0
     0
     0
     0
     0
     0
     0
     0
     0
     0
     0
     0
     0
     0
     0
     0
     0
     0
     0
     0
     0
     0
     0
     0
     0
     0
     0
     0
     0
     0
     0
     0
     0
     0
     0
     0
     0
     0
     0
     0
     0
     0
     0
     0
     0
     0
     0
     0
     0
     0
     0
     0
     0
     0
     0
     0
     1
    -1
     0
     0
     1
    -1
     0
     0
     0
     0
     0
     0
    -1
     1
    -1
     1
    -1
     0
     0
     0
     0
     1
     0
    -1
     0
     0
     1
    -1
     0
     1
    -2
     0
     2
    -2
     1
    -1
    -2
     3
    -1
     0
    -1
    -1
     1
     0
    -1
     0
     1
     0
    -1
     0
    -1
     1
    -1
     3
    -6
     8
    -7
     5
    -4
     5
    19
   -46
    21
    -1
     0
     0
     0
     0
     0
     0
     0
     0
     0
     0
     0
     0
     0
     0
     0
     0
     0
     0
     0
     0
     0
     0
     0
     0
     0
     0
     0
     0
     0
     0
     0
     0
     0
     0
     0
     0
     0
     0
     0
     0
     0
     0
     0
     0
     0
     0
     0
     0
     0
     0
     0
     0
     0
     0
     0
     0
     0
    -1
    -1
    -1
    -2
    -2
    -2
    -3
    -3
    -3
    -3
    -2
    -2
    -2
    -2
    -2
    -2
    -3
    -3
    -4
    -4
    -4
    -4
    -4
    -5
    -4
    -4
    -4
    -5
    -6
    -7
    -8
    -8
    -8
    -8
    -8
    -8
    -8
    -8
    -8
    -6
    -5
    -5
    -4
    -4
    -4
    -4
    -5
    -6
    -7
    -8
    -9
    -9
   -10
   -11
   -12
   -12
   -13
   -13
   -14
   -14
   -13
   -12
   -13
   -13
   -14
   -15
   -13
   -12
   -12
   -12
   -11
    -9
    -5
    -2
    -1
     0
     1
     1
     1
     0
    -2
    -4
    -5
    -7
    -8
    -9
   -10
   -11
   -12
   -15
   -18
   -20
   -23
   -24
   -26
   -27
   -25
   -22
   -23
   -22
   -18
   -15
   -12
   -10
   -11
   -12
   -11
    -9
    -7
    -6
    -8
   -11
   -14
   -17
   -19
   -21
   -24
   -26
   -27
   -30
   -32
   -34
   -38
   -40
   -44
   -48
   -52
   -55
   -57
   -58
   -59
   -61
   -61
   -64
   -66
   -66
   -68
   -70
   -74
   -81
   -88
   -92
   -93
   -93
   -95
  -102
  -110
  -111
  -109
  -107
  -106
  -108
  -110
  -113
  -116
  -117
  -117
  -119
  -117
  -116
  -117
  -117
  -115
  -113
  -108
  -105
  -105
  -104
  -101
  -103
  -105
  -108
  -115
  -121
  -123
  -126
  -125
  -122
  -117
  -112
  -109
  -107
  -100
   -92
   -86
   -85
   -87
   -90
   -92
   -92
   -89
   -86
   -83
   -79
   -77
   -74
   -70
   -68
   -64
   -56
   -48
   -44
   -41
   -36
   -32
   -29
   -27
   -26
   -23
   -18
   -12
    -7
    -3
     0
     4
    10
    17
    24
    35
    42
    49
    57
    62
    68
    75
    81
    87
    88
    87
    87
    91
    92
    92
    93
    90
    85
    78
    70
    66
    62
    62
    69
    76
    82
    88
    92
   100
   110
   111
   113
   123
   128
   129
   131
   131
   133
   140
   144
   151
   161
   165
   168
   177
   184
   190
   200
   209
   219
   228
   229
   226
   227
   228
   228
   228
   229
   227
   227
   230
   234
   239
   241
   243
   251
   259
   267
   279
   287
   293
   304
   313
   324
   334
   338
   341
   344
   341
   333
   329
   324
   319
   321
   324
   320
   312
   300
   290
   285
   281
   272
   264
   254
   240
   223
   206
   188
   176
   171
   166
   168
   167
   162
   157
   156
   161
   169
   179
   189
   198
   201
   202
   206
   216
   226
   236
   240
   237
   230
   217
   200
   182
   166
   155
   148
   139
   126
   112
    93
    80
    69
    56
    43
    33
    24
    12
    -3
   -22
   -37
   -46
   -46
   -46
   -53
   -63
   -73
   -81
   -86
   -91
   -98
  -108
  -116
  -121
  -129
  -139
  -152
  -162
  -170
  -177
  -185
  -200
  -216
  -233
  -245
  -256
  -261
  -266
  -262
  -260
  -254
  -249
  -242
  -232
  -220
  -206
  -193
  -183
  -174
  -173
  -178
  -189
  -199
  -204
  -210
  -215
  -228
  -241
  -255
  -266
  -276
  -282
  -284
  -282
  -278
  -276
  -276
  -276
  -278
  -277
  -271
  -268
  -269
  -277
  -290
  -303
  -312
  -319
  -322
  -328
  -335
  -345
  -358
  -374
  -387
  -398
  -399
  -399
  -405
  -414
  -425
  -435
  -435
  -432
  -423
  -412
  -406
  -406
  -410
  -412
  -406
  -400
  -399
  -404
  -412
  -421
  -430
  -441
  -451
  -456
  -456
  -454
  -460
  -471
  -486
  -499
  -506
  -512
  -516
  -517
  -521
  -525
  -534
  -544
  -552
  -555
  -555
  -552
  -547
  -547
  -552
  -560
  -566
  -568
  -566
  -566
  -571
  -580
  -588
  -594
  -596
  -587
  -574
  -558
  -545
  -539
  -536
  -535
  -526
  -511
  -496
  -482
  -467
  -456
  -447
  -445
  -443
  -439
  -429
  -420
  -415
  -409
  -399
  -382
  -363
  -344
  -327
  -311
  -289
  -260
  -229
  -202
  -178
  -155
  -130
   -99
   -69
   -44
   -28
   -16
    -1
    17
    37
    59
    78
    96
   111
   123
   133
   145
   161
   177
   192
   205
   217
   228
   240
   252
   261
   275
   290
   305
   318
   330
   344
   359
   368
   373
   378
   391
   412
   431
   441
   443
   448
   465
   489
   507
   519
   525
   531
   535
   532
   523
   516
   518
   525
   530
   526
   516
   511
   515
   529
   545
   558
   566
   572
   571
   565
   556
   548
   546
   547
   543
   538
   528
   522
   519
   524
   531
   544
   553
   556
   550
   536
   525
   522
   527
   533
   538
   543
   544
   541
   531
   523
   516
   515
   518
   519
   513
   503
   494
   491
   494
   503
   512
   522
   525
   525
   521
   516
   517
   525
   535
   545
   549
   546
   544
   547
   554
   566
   576
   583
   586
   588
   589
   590
   592
   595
   602
   610
   618
   621
   620
   614
   609
   605
   604
   603
   602
   598
   595
   589
   581
   576
   573
   574
   575
   571
   561
   554
   550
   551
   551
   544
   530
   515
   502
   491
   482
   473
   465
   458
   453
   445
   437
   430
   424
   418
   408
   394
   380
   368
   357
   347
   335
   321
   306
   290
   276
   261
   248
   236
   224
   209
   194
   179
   170
   163
   156
   144
   128
   110
    92
    76
    60
    46
    36
    28
    19
     9
    -1
   -10
   -16
   -23
   -34
   -51
   -70
   -87
  -100
  -114
  -127
  -140
  -150
  -159
  -164
  -169
  -178
  -187
  -192
  -197
  -204
  -214
  -224
  -233
  -240
  -247
  -254
  -260
  -263
  -262
  -264
  -267
  -271
  -276
  -279
  -283
  -288
  -295
  -300
  -306
  -313
  -323
  -335
  -344
  -350
  -355
  -360
  -367
  -372
  -375
  -376
  -378
  -380
  -383
  -383
  -382
  -381
  -381
  -383
  -386
  -387
  -387
  -388
  -389
  -390
  -390
  -391
  -394
  -396
  -396
  -392
  -387
  -380
  -377
  -375
  -373
  -369
  -364
  -359
  -355
  -352
  -349
  -348
  -348
  -349
  -350
  -350
  -347
  -344
  -342
  -342
  -342
  -342
  -341
  -341
  -341
  -340
  -340
  -339
  -339
  -340
  -340
  -340
  -338
  -335
  -333
  -332
  -331
  -331
  -330
  -329
  -326
  -322
  -318
  -316
  -314
  -311
  -309
  -305
  -301
  -298
  -294
  -289
  -284
  -280
  -278
  -275
  -272
  -267
  -261
  -256
  -251
  -246
  -240
  -235
  -230
  -225
  -219
  -211
  -203
  -196
  -189
  -184
  -179
  -172
  -164
  -154
  -145
  -137
  -131
  -125
  -118
  -111
  -103
   -95
   -87
   -79
   -72
   -65
   -58
   -52
   -45
   -38
   -31
   -24
   -18
   -13
    -8
    -4
     0
     5
    10
    15
    19
    23
    26
    29
    31
    33
    36
    40
    44
    47
    50
    52
    53
    56
    58
    61
    62
    64
    64
    65
    65
    65
    65
    66
    66
    67
    67
    67
    66
    65
    64
    64
    63
    62
    61
    59
    58
    56
    54
    52
    50
    49
    47
    45
    43
    41
    38
    36
    34
    32
    30
    28
    25
    23
    21
    19
    18
    16
    14
    12
    11
     9
     8
     7
     5
     4
     4
     3
     2
     1
     1
     0
     0
     0
     0
     0
     0
   -19
   -63
   157
   -57
    -4
    -6
     3
     2
   -18
     5
    -2
     2
     1
     1
     0
    -1
    -3
     3
    -2
     1
    -1
    -1
     2
     0
    -1
     3
    -4
     1
     2
    -1
     0
     1
    -1
     1
    -2
     1
     0
     0
     0
     0
     0
     0
     1
     0
     0
     0
     0
     0
    -1
     1
     0
     0
     0
     0
     0
     0
     0
     0
     1
    -1
     0
     0
     0
     0
     0
     0
     0
     0
     0
     0
     0
     0
     0
     0
     0
     0
     0
     0
     0
     0
     0
     0
     0
     0
     0
     0
     0
     0
     0
     0
     0
     0
     0
     0
     0
     0
     0
     0
     0
     0
     0
     0
     0
     0
     0
     0
     0
     0
     0
     0
     0
     0
     0
     0
     0
     0
     0
     0
     0
     0
    -1
     0
     1
    -1
     1
    -1
     0
     0
     0
     0
     0
     0
     0
     0
     0
     0
     0
     0
     0
     0
     0
     0
     0
     0
     0
     0
     0
     0
     0
     0
     0
     0
     0
     0
     0
     0
     0
     0
     0
     0
     0
     0
     0
     0
     0
     0
     0
     0
     0
     0
     0
     0
     0
     0
     0
     0
     0
     0
     0
     0
     0
     0
     0
     0
     0
     0
     0
     0
     0
     0
     0
     0
     0
     0
     0
     0
     0
     0
     0
     0
     0
     0
     0
     0
     0
     0
     0
     0
     0
     0
     0
     0
     0
     0
     0
     0
     0
     0
     0
     0
     0
     0
     0
     0
     0
     0
     0
     0
     0
     0
     0
     0
     0
     0
     0
     0
     0
     0
     0
     0
     0
     0
     0
     0
     0
     0
     0
     0
     0
     0
     0
     0
     0
     0
     0
     0
     0
     0
     0
     0
     0
     0
     0
     0
     0
     0
     0
     0
     0
     0
     0
     0
     0
     0
     0
     0
     0
     0
     0
     0
     0
     0
     0
     0
     0
     0
     0
     0
     0
     0
     0
     0
     0
     0
     0
     0
     0
     0
     0
     0
     0
     0
     0
     0
     0
     0
     0
     0
     0
     0
     0
     0
     0
     0
     0
     0
     0
     0
     0
     0
     0
     0
     0
     0
     0
     0
     0
     0
     0
     0
     0
     0
     0
     0
     0
     0
     0
     0
     0
     0
     0
     0
     0
     0
     0
     0
     0
     0
     0
     0
     0
     0
     0
     0
     0
     0
     0
     0
     0
     0
     0
     0
     0
     0
     0
     0
     0
     0
     0
     0
     0
     0
     0
     0
     0
     0
     0
     0
     0
     0
     0
     0
     0
     0
     0
     0
     0
     0
     0
     0
     0
     0
     0
     0
     0
     0
     0
     0
     0
     0
     0
     0
     0
     0
     0
     0
     0
     0
     0
     0
     0
     0
     0
     0
     0
     0
     0
     0
     0
     0
     0
     0
     0
     0
     0
     0
     0
     0
     0
     0
     0
     0
     0
     0
     0
     0
     0
     0
     0
     0
     0
     0
     0
     0
     0
     0
     0
     0
     0
     0
     0
     0
     0
     0
     0
     0
     0
     0
     0
     0
     0
     0
     0
     0
     0
     0
     0
     0
     0
     0
     0
     0
     0
     0
     0
     0
     0
     0
     0
     0
     0
     0
     0
     0
     0
     0
     0
     0
     0
     0
     0
     0
     0
     0
     0
     0
     0
     0
     0
     0
     0
     0
     0
     0
     0
     0
     0
     0
     0
     0
     0
     0
     0
     0
     0
     0
     0
     0
     0
     0
     0
     0
     0
     0
     0
     0
     0
     0
     0
     0
     0
     0
     0
     0
     0
     0
     0
     0
     0
     0
     0
     0
     0
     0
     0
     0
     0
     0
     0
     0
     0
     0
     0
     0
     0
     0
     0
     0
     0
     0
     0
     0
     0
     0
     0
     0
     0
     0
     0
     0
     0
     0
     0
     0
     0
     0
     0
     0
     0
     0
     0
     0
     0
     0
     0
     0
     0
     0
     0
     0
     0
     0
     0
     0
     0
     0
     0
     0
     0
     0
     0
     0
     0
     0
     0
     0
     0
     0
     0
     0
     0
     0
     0
     0
     0
     0
     0
     0
     0
     0
     0
     0
     0
     0
     0
     0
     0
     0
     0
     0
     0
     0
     0
     0
     0
     0
     0
     0
     0
     0
     0
     0
     0
     0
     0
     0
     0
     0
     0
     0
     0
     0
     0
     0
     0
     0
     0
     0
     0
     0
     0
     0
     0
     0
     0
     0
     0
     0
     0
     0
     0
     0
     0
     0
     0
     0
     0
     0
     0
     0
     0
     0
     0
     0
     0
     0
     0
     0
     0
     0
     0
     0
     0
     0
     0
     0
     0
     0
     0
     0
     0
     0
     0
     0
     0
     0
     0
     0
     0
     0
     0
     0
     0
     0
     0
     0
     0
     0
     0
     0
     0
     0
     0
     0
     0
     0
     0
     0
     0
     0
     0
     0
     0
     0
     0
     0
     0
     0
     0
     0
     0
     0
     0
     0
     0
     0
     0
     0
     0
     0
     0
     0
     0
     0
     0
     0
     0
     0
     0
     0
     0
     0
     0
     0
     0
     0
     0
     0
     0
     0
     0
     0
     0
     0
     0
     0
     0
     0
     0
     0
     0
     0
     0
     0
     0
     0
     0
     0
     0
     0
     0
     0
     0
     0
     0
     0
     0
     0
     0
     0
     0
     0
     0
     0
     0
     0
     0
     0
     0
     0
     0
     0
     0
     0
     0
     0
     0
     0
     0
     0
     0
     0
     0
     0
     0
     0
     0
     0
     0
     0
     0
     0
     0
     0
     0
     0
     0
     0
     0
     0
     0
     0
     0
     0
     0
     0
     0
     0
     0
     0
     0
     0
     0
     0
     0
     0
     0
     0
     0
     0
     0
     0
     0
     0
     0
     0
     0
     0
     0
     0
     0
     0
     0
     0
     0
     0
     0
     0
     0
     0
     0
     0
     0
     0
     0
     0
     0
     0
     0
     0
     0
     0
     0
     0
     0
     0
     0
    -1
     1
    -1
     1
     0
    -1
     0
     0
     0
     0
     0
     0
     0
     0
     0
     0
     0
     0
     0
     0
     0
     0
     0
     0
     0
     0
     0
     0
     0
     0
     0
     0
     0
     0
     0
     0
     0
     0
     0
     0
     0
     0
     0
     0
     0
     0
     0
     0
     0
     0
     0
     0
     0
     0
     0
     0
     0
     0
     0
     0
     0
     0
     0
     0
     0
     0
    -1
     1
     0
     0
     0
     0
     0
     0
     0
     0
     1
    -1
     0
     0
     0
     0
     0
     1
     0
     0
     0
     0
     0
     0
     1
    -2
     1
    -1
     1
     0
    -1
     2
     1
    -4
     3
    -1
     0
     2
    -1
    -1
     1
    -2
     3
    -3
    -1
     0
     1
     1
     2
    -2
     5
   -18
     2
     3
    -6
    -4
   -57
   157
   -63
     0
     0
     0
    -1
    -1
    -1
    -1
    -1
    -1
    -1
    -1
    -1
    -1
    -1
    -1
    -1
    -2
    -2
    -2
    -2
    -2
    -3
    -3
    -3
    -3
    -4
    -4
    -4
    -4
    -5
    -5
    -6
    -6
    -6
    -7
    -7
    -7
    -7
    -7
    -8
    -8
    -9
    -9
    -9
    -9
    -9
    -9
   -10
   -10
   -10
   -11
   -11
   -11
   -11
   -11
   -12
   -12
   -11
   -11
   -11
   -11
   -10
   -10
    -9
    -8
    -8
    -7
    -6
    -5
    -4
    -3
    -2
    -1
    -1
     0
     2
     3
     4
     5
     6
     7
     8
     9
    10
    11
    13
    14
    15
    17
    18
    19
    21
    22
    24
    26
    28
    29
    31
    33
    35
    36
    38
    40
    43
    46
    48
    49
    50
    53
    57
    61
    64
    66
    67
    69
    70
    71
    71
    73
    75
    77
    78
    78
    78
    81
    84
    88
    92
    95
    98
    99
   100
   100
   100
   102
   103
   105
   105
   105
   106
   107
   109
   113
   117
   121
   124
   124
   123
   123
   124
   127
   130
   134
   137
   139
   141
   141
   140
   140
   142
   145
   148
   148
   147
   147
   148
   152
   156
   162
   167
   171
   173
   174
   175
   178
   183
   189
   196
   199
   202
   204
   207
   213
   220
   228
   234
   238
   242
   245
   249
   253
   259
   265
   272
   279
   285
   288
   288
   290
   292
   295
   299
   302
   304
   306
   308
   308
   308
   311
   315
   320
   322
   321
   321
   323
   327
   331
   331
   326
   321
   317
   315
   313
   311
   309
   309
   308
   307
   306
   304
   304
   303
   300
   293
   287
   280
   276
   271
   265
   257
   249
   239
   229
   220
   211
   204
   196
   185
   174
   163
   155
   151
   147
   137
   123
   108
    90
    76
    61
    47
    37
    30
    20
    10
    -1
   -11
   -18
   -26
   -39
   -59
   -83
  -103
  -121
  -139
  -157
  -174
  -190
  -203
  -213
  -221
  -235
  -250
  -261
  -271
  -285
  -303
  -320
  -337
  -351
  -366
  -381
  -396
  -404
  -410
  -416
  -428
  -440
  -452
  -464
  -477
  -492
  -509
  -525
  -541
  -562
  -587
  -616
  -640
  -660
  -678
  -699
  -719
  -740
  -756
  -768
  -781
  -797
  -813
  -824
  -832
  -841
  -854
  -870
  -886
  -900
  -913
  -929
  -944
  -958
  -973
  -989
 -1008
 -1028
 -1043
 -1047
 -1045
 -1042
 -1047
 -1058
 -1068
 -1072
 -1071
 -1071
 -1073
 -1080
 -1088
 -1098
 -1113
 -1135
 -1154
 -1169
 -1177
 -1184
 -1195
 -1212
 -1233
 -1249
 -1267
 -1284
 -1302
 -1322
 -1338
 -1356
 -1377
 -1402
 -1428
 -1446
 -1463
 -1475
 -1488
 -1504
 -1526
 -1548
 -1573
 -1591
 -1603
 -1611
 -1618
 -1632
 -1648
 -1664
 -1676
 -1685
 -1695
 -1703
 -1711
 -1714
 -1714
 -1720
 -1733
 -1751
 -1761
 -1760
 -1755
 -1747
 -1745
 -1741
 -1737
 -1731
 -1725
 -1717
 -1703
 -1679
 -1648
 -1616
 -1592
 -1578
 -1566
 -1544
 -1500
 -1441
 -1383
 -1337
 -1302
 -1268
 -1226
 -1174
 -1115
 -1051
  -983
  -915
  -845
  -780
  -720
  -658
  -587
  -506
  -419
  -333
  -255
  -186
  -121
   -56
    15
    94
   178
   262
   343
   419
   492
   560
   621
   684
   763
   866
   983
  1097
  1190
  1272
  1358
  1461
  1581
  1703
  1813
  1911
  2004
  2098
  2187
  2272
  2361
  2462
  2583
  2708
  2831
  2938
  3034
  3124
  3218
  3324
  3440
  3558
  3663
  3747
  3812
  3874
  3948
  4039
  4145
  4254
  4354
  4436
  4490
  4524
  4549
  4584
  4638
  4702
  4750
  4772
  4770
  4759
  4757
  4772
  4790
  4801
  4794
  4768
  4723
  4663
  4592
  4519
  4452
  4395
  4340
  4278
  4193
  4083
  3955
  3828
  3720
  3629
  3542
  3441
  3316
  3170
  3011
  2853
  2703
  2566
  2443
  2323
  2197
  2045
  1870
  1687
  1517
  1372
  1244
  1114
   967
   808
   642
   484
   343
   231
   145
    65
   -18
  -118
  -234
  -361
  -483
  -584
  -665
  -729
  -785
  -845
  -914
  -995
 -1072
 -1138
 -1173
 -1183
 -1183
 -1188
 -1205
 -1231
 -1257
 -1271
 -1265
 -1238
 -1195
 -1147
 -1115
 -1101
 -1091
 -1074
 -1037
  -981
  -919
  -855
  -797
  -758
  -730
  -702
  -670
  -619
  -550
  -474
  -403
  -346
  -309
  -279
  -235
  -179
  -111
   -48
    10
    60
    97
   125
   148
   174
   219
   273
   323
   361
   381
   380
   374
   374
   383
   410
   442
   459
   462
   452
   439
   426
   412
   400
   388
   369
   331
   273
   204
   139
    82
    35
     0
   -34
   -85
  -150
  -235
  -319
  -387
  -457
  -527
  -595
  -672
  -765
  -873
  -993
 -1103
 -1198
 -1297
 -1406
 -1522
 -1640
 -1758
 -1881
 -2001
 -2109
 -2199
 -2274
 -2344
 -2425
 -2508
 -2585
 -2654
 -2709
 -2746
 -2774
 -2789
 -2801
 -2827
 -2857
 -2882
 -2904
 -2911
 -2902
 -2876
 -2862
 -2864
 -2860
 -2850
 -2827
 -2791
 -2741
 -2688
 -2640
 -2601
 -2571
 -2542
 -2505
 -2458
 -2402
 -2347
 -2306
 -2270
 -2242
 -2222
 -2197
 -2169
 -2136
 -2095
 -2057
 -2024
 -1990
 -1969
 -1962
 -1950
 -1926
 -1896
 -1866
 -1840
 -1816
 -1799
 -1799
 -1808
 -1812
 -1805
 -1797
 -1805
 -1828
 -1860
 -1898
 -1938
 -1966
 -1982
 -1987
 -1993
 -2012
 -2039
 -2061
 -2083
 -2105
 -2123
 -2136
 -2145
 -2150
 -2156
 -2163
 -2178
 -2198
 -2212
 -2201
 -2171
 -2144
 -2133
 -2134
 -2139
 -2143
 -2146
 -2140
 -2123
 -2089
 -2052
 -2026
 -2014
 -2013
 -2010
 -1988
 -1937
 -1873
 -1816
 -1785
 -1774
 -1764
 -1739
 -1700
 -1640
 -1552
 -1430
 -1282
 -1130
 -1001
  -911
  -842
  -757
  -624
  -451
  -283
  -173
  -127
   -99
   -22
   138
   369
   622
   860
  1068
  1239
  1376
  1495
  1617
  1766
  1950
  2148
  2304
  2395
  2450
  2532
  2679
  2891
  3123
  3320
  3461
  3557
  3638
  3705
  3760
  3821
  3890
  3967
  4047
  4119
  4156
  4145
  4101
  4071
  4096
  4163
  4217
  4206
  4125
  4005
  3889
  3809
  3763
  3734
  3702
  3648
  3554
  3414
  3247
  3086
  2962
  2878
  2810
  2715
  2566
  2373
  2178
  2018
  1900
  1808
  1722
  1622
  1495
  1344
  1182
  1022
   872
   737
   620
   519
   416
   294
   150
    -3
  -141
  -237
  -288
  -321
  -368
  -447
  -551
  -661
  -756
  -834
  -898
  -946
  -980
 -1015
 -1067
 -1135
 -1203
 -1245
 -1257
 -1247
 -1233
 -1232
 -1253
 -1285
 -1310
 -1320
 -1319
 -1310
 -1296
 -1275
 -1247
 -1215
 -1189
 -1173
 -1162
 -1144
 -1106
 -1046
  -983
  -934
  -908
  -893
  -868
  -823
  -758
  -682
  -605
  -538
  -488
  -457
  -436
  -410
  -365
  -303
  -236
  -178
  -139
  -114
   -88
   -46
     8
    67
   119
   158
   181
   197
   210
   225
   243
   266
   293
   324
   352
   372
   380
   380
   380
   390
   408
   422
   426
   420
   408
   395
   386
   382
   383
   385
   385
   379
   366
   349
   334
   325
   323
   325
   324
   316
   300
   281
   264
   253
   247
   241
   230
   214
   197
   183
   173
   168
   164
   159
   154
   147
   137
   125
   113
   103
    95
    89
    82
    73
    63
    54
    47
    42
    37
    33
    28
    23
    19
    14
     8
     2
    -3
    -7
    -8
    -9
   -11
   -15
   -19
   -23
   -24
   -24
   -24
   -23
   -24
   -25
   -26
   -26
   -26
   -25
   -23
   -21
   -20
   -19
   -19
   -19
   -18
   -16
   -14
   -12
   -11
   -11
   -10
    -9
    -8
    -7
    -6
    -5
    -4
    -4
    -3
    -3
    -3
    -2
    -2
    -1
    -1
    -1
    -1
    -1
    -1
    -1
     0
     5
   238
  -607
   480
    40
   -92
  -233
    29
   139
   142
  -163
     8
     3
    17
     0
   -14
    -1
    18
    -7
    -6
     5
    -3
     1
     0
    -1
     2
    -2
     1
     2
    -4
     2
     1
    -3
     1
     0
     1
    -2
     1
     0
    -1
     0
     1
    -1
     0
     1
    -1
     2
    -1
     0
     1
    -1
     0
     1
     1
    -2
    -2
     3
     1
    -1
    -2
     2
     1
    -2
     0
     1
     1
    -3
     0
     3
     1
    -3
    -1
     2
     1
    -1
     0
     1
     0
    -1
    -1
     1
     0
    -1
     0
     0
     1
    -1
     0
     0
     0
     0
     0
     0
     0
     0
     0
     0
     0
     0
     0
     0
     0
     0
     0
     0
     0
     0
     0
     0
     0
     0
     0
     0
     0
     0
     0
     0
    -1
    -1
     3
     1
     1
    -9
     3
     1
     2
    -2
     0
     1
     1
    -1
    -1
     0
     0
     0
     0
     1
     0
     0
     0
     1
     0
     0
     1
     0
    -1
    -1
     0
     1
     1
    -1
     0
     0
     0
     0
     0
     0
     0
     0
     0
     0
     0
     0
     0
     0
     0
     0
     0
     0
     0
     0
     0
    -1
    -1
     1
     0
     0
    -1
     0
     0
     0
     0
     0
     0
     0
     0
     0
     0
     0
     0
     0
     0
     0
     0
     0
     0
     0
     0
     0
     0
     0
     0
     0
     0
     0
     0
     0
     0
     0
     0
     0
     0
     0
     0
     0
     0
     0
     0
     0
     0
     0
     0
     0
     0
     0
     0
     0
     0
     0
     0
     0
     0
     0
     0
     0
     0
     0
     0
     0
     0
     0
     0
     0
     0
     0
     0
     0
     0
     0
     0
     0
     0
     0
     0
     0
     0
     0
     0
     0
     0
     0
     0
     0
     0
     0
     0
     0
     0
     0
     0
     0
     0
     0
     0
     0
     0
     0
     0
     0
     0
     0
     0
     0
     0
     0
     0
     0
     0
     0
     0
     0
     0
     0
     0
     0
     0
     0
     0
     0
     0
     0
     0
     0
     0
     0
     0
     0
     0
     0
     0
     0
     0
     0
     0
     0
     0
     0
     0
     0
     0
     0
     0
     0
     0
     0
     0
     0
     0
     0
     0
     0
     0
     0
     0
     0
     0
     0
     0
     0
     0
     0
     0
     0
     0
     0
     0
     0
     0
     0
     0
     0
     0
     0
     0
     0
     0
     0
     0
     0
     0
     0
     0
     0
     0
     0
     0
     0
     0
     0
     0
     0
     0
     0
     0
     0
     0
     0
     0
     0
     0
     0
     0
     0
     0
     0
     0
     0
     0
     0
     0
     0
     0
     0
     0
     0
     0
     0
     0
     0
     0
     0
     0
     0
     0
     0
     0
     0
     0
     0
     0
     0
     0
     0
     0
     0
     0
     0
     0
     0
     0
     0
     0
     0
     0
     0
     0
     0
     0
     0
     0
     0
     0
     0
     0
     0
     0
     0
     0
     0
     0
     0
     0
     0
     0
     0
     0
     0
     0
     0
     0
     0
     0
     0
     0
     0
     0
     0
     0
     0
     0
     0
     0
     0
     0
     0
     0
     0
     0
     0
     0
     0
     0
     0
     0
     0
     0
     0
     0
     0
     0
     0
     0
     0
     0
     0
     0
     0
     0
     0
     0
     0
     0
     0
     0
     0
     0
     0
     0
     0
     0
     0
     0
     0
     0
     0
     0
     0
     0
     0
     0
     0
     0
     0
     0
     0
     0
     0
     0
     0
     0
     0
     0
     0
     0
     0
     0
     0
     0
     0
     0
     0
     0
     0
     0
     0
     0
     0
     0
     0
     0
     0
     0
     0
     0
     0
     0
     0
     0
     0
     0
     0
     0
     0
     0
     0
     0
     0
     0
     0
     0
     0
     0
     0
     0
     0
     0
     0
     0
     0
     0
     0
     0
     0
     0
     0
     0
     0
     0
     0
     0
     0
     0
     0
     0
     0
     0
     0
     0
     0
     0
     0
     0
     0
     0
     0
     0
     0
     0
     0
     0
     0
     0
     0
     0
     0
     0
     0
     0
     0
     0
     0
     0
     0
     0
     0
     0
     0
     0
     0
     0
     0
     0
     0
     0
     0
     0
     0
     0
     0
     0
     0
     0
     0
     0
     0
     0
     0
     0
     0
     0
     0
     0
     0
     0
     0
     0
     0
     0
     0
     0
     0
     0
     0
     0
     0
     0
     0
     0
     0
     0
     0
     0
     0
     0
     0
     0
     0
     0
     0
     0
     0
     0
     0
     0
     0
     0
     0
     0
     0
     0
     0
     0
     0
     0
     0
     0
     0
     0
     0
     0
     0
     0
     0
     0
     0
     0
     0
     0
     0
     0
     0
     0
     0
     0
     0
     0
     0
     0
     0
     0
     0
     0
     0
     0
     0
     0
     0
     0
     0
     0
     0
     0
     0
     0
     0
     0
     0
     0
     0
     0
     0
     0
     0
     0
     0
     0
     0
     0
     0
     0
     0
     0
     0
     0
     0
     0
     0
     0
     0
     0
     0
     0
     0
     0
     0
     0
     0
     0
     0
     0
     0
     0
     0
     0
     0
     0
     0
     0
     0
     0
     0
     0
     0
     0
     0
     0
     0
     0
     0
     0
     0
     0
     0
     0
     0
     0
     0
     0
     0
     0
     0
     0
     0
     0
     0
     0
     0
     0
     0
     0
     0
     0
     0
     0
     0
     0
     0
     0
     0
     0
     0
     0
     0
     0
     0
     0
     0
     0
     0
     0
     0
     0
     0
     0
     0
     0
     0
     0
     0
     0
     0
     0
     0
     0
     0
     0
     0
     0
     0
     0
     0
     0
     0
     0
     0
    -1
     0
     0
     1
    -1
    -1
     0
     0
     0
     0
     0
     0
     0
     0
     0
     0
     0
     0
     0
     0
     0
     0
     0
     0
     0
     0
     0
    -1
     1
     1
     0
    -1
    -1
     0
     1
     0
     0
     1
     0
     0
     0
     1
     0
     0
     0
     0
    -1
    -1
     1
     1
     0
    -2
     2
     1
     3
    -9
     1
     1
     3
    -1
    -1
     0
     0
     0
     0
     0
     0
     0
     0
     0
     0
     0
     0
     0
     0
     0
     0
     0
     0
     0
     0
     0
     0
     0
     0
     0
     0
     0
     0
     0
     0
    -1
     1
     0
     0
    -1
     0
     1
    -1
    -1
     0
     1
     0
    -1
     1
     2
    -1
    -3
     1
     3
     0
    -3
     1
     1
     0
    -2
     1
     2
    -2
    -1
     1
     3
    -2
    -2
     1
     1
     0
    -1
     1
     0
    -1
     2
    -1
     1
     0
    -1
     1
     0
    -1
     0
     1
    -2
     1
     0
     1
    -3
     1
     2
    -4
     2
     1
    -2
     2
    -1
     0
     1
    -3
     5
    -6
    -7
    18
    -1
   -14
     0
    17
     3
     8
  -163
   142
   139
    29
  -233
   -92
    40
   480
  -607
   238
    -1
