00000
00000
00000
00000
00000
00000
00000
11c8c
14c20
17bb3
15992
12f52
10512
02104
04688
06c0d
07067
04f16
02dc5
00c74
11287
1301d
14db2
16b48
17820
15ddb
14395
12950
10f0a
009fa
0214e
038a2
04ff7
0674b
07ea0
06c81
057ca
04312
02e5b
019a3
004ec
10e07
1206d
132d2
14538
1579d
16a03
17c69
172da
16284
1522e
141d8
13181
1212b
110d5
1007f
00e11
01c93
02b15
03997
04819
0569a
0651c
0739e
07e1d
0713b
06459
05777
04a95
03db3
030d1
023ef
0170d
00a2c
10269
10dd9
1194a
124ba
1302b
13b9c
1470c
1527d
15ded
1695e
174cf
17fc8
1759f
16b77
1614e
15725
14cfd
142d4
138ab
12e83
1245a
11a32
11009
105e0
003ce
00cd3
015d8
01ede
027e3
030e9
039ee
042f3
04bf9
054fe
05e04
06709
0700e
07914
07e23
07620
06e1e
0661b
05e18
05615
04e12
04610
03e0d
0360a
02e07
02605
01e02
015ff
00dfc
005fa
101cf
108ec
11009
11726
11e43
12560
12c7d
1339b
13ab8
141d5
148f2
1500f
1572c
15e49
16566
16c83
173a1
17abe
17e5a
17809
171b8
16b67
16516
15ec5
15873
15222
14bd1
14580
13f2f
138de
1328d
12c3b
125ea
11f99
11948
112f7
10ca6
10654
10003
00599
00b35
010d1
0166d
01c09
021a5
02742
02cde
0327a
03816
03db2
0434e
048ea
04e86
05422
059be
05f5a
064f6
06a92
0702e
075ca
07b66
07f1a
07a1f
07524
07029
06b2e
06632
06137
05c3c
05741
05245
04d4a
0484f
04354
03e58
0395d
03462
02f67
02a6b
02570
02075
01b7a
0167e
01183
00c88
0078d
00292
10225
10691
10afd
10f6a
113d6
11843
11caf
1211b
12588
129f4
12e61
132cd
1373a
13ba6
14012
1447f
148eb
14d58
151c4
15631
15a9d
15f09
16376
167e2
16c4f
170bb
17528
17994
17e00
17dd9
179eb
175fd
17210
16e22
16a35
16647
16259
15e6c
15a7e
15691
152a3
14eb5
14ac8
146da
142ed
13eff
13b11
13724
13336
12f49
12b5b
1276d
12380
11f92
11ba5
117b7
113c9
10fdc
10bee
10800
10413
10025
0035c
006d9
00a56
00dd3
01150
014cd
0184a
01bc7
01f44
022c1
0263e
029bb
02d38
030b5
03432
037af
03b2c
03ea9
04226
045a3
04920
04c9d
0501a
05397
05714
05a91
05e0e
0618b
06508
06885
06c02
06f7f
072fc
07679
079f6
07d73
07f2b
07c12
078f9
075e0
072c7
06fae
06c95
0697c
06663
0634a
06031
05d18
059ff
056e6
053ce
050b5
04d9c
04a83
0476a
04451
04138
03e1f
03b06
037ed
034d4
031bb
02ea2
02b89
02870
02557
0223e
01f25
01c0c
018f3
015da
012c1
00fa8
00c8f
00976
0065d
00344
0002b
1029a
1055a
1081a
10adb
10d9b
1105b
1131b
115db
1189c
11b5c
11e1c
120dc
1239c
1265c
1291d
12bdd
12e9d
1315d
1341d
136de
1399e
13c5e
13f1e
141de
1449e
1475f
14a1f
14cdf
14f9f
1525f
1551f
157e0
15aa0
15d60
16020
162e0
165a1
16861
16b21
16de1
170a1
17361
17622
178e2
17ba2
17e62
17efe
17c8d
17a1b
177aa
17539
172c8
17056
16de5
16b74
16902
16691
16420
161ae
15f3d
15ccc
15a5a
157e9
15578
15306
15095
14e24
14bb2
14941
146d0
1445e
141ed
13f7c
13d0a
13a99
13828
135b7
13345
130d4
12e63
12bf1
12980
1270f
1249d
1222c
11fbb
11d49
11ad8
11867
115f5
11384
11113
10ea1
10c30
109bf
1074d
104dc
1026b
00000
00000
00000
00000
00000
00000
00000
00000
00000
00000
00000
00000
00000
00000
00000
00000
00000
00000
00000
00000
00000
00000
00000
00000
00000
00000
00000
00000
00000
00000
00000
00000
00000
00000
00000
00000
00000
00000
00000
00000
00000
00000
00000
00000
00000
00000
00000
00000
00000
00000
00000
00000
00000
00000
00000
00000
00000
00000
00000
00000
00000
00000
00000
00000
00000
00000
00000
00000
00000
00000
00000
00000
00000
00000
00000
00000
00000
00000
00000
00000
00000
00000
00000
00000
00000
00000
00000
00000
00000
00000
00000
00000
00000
00000
00000
00000
00000
00000
00000
00000
00000
00000
00000
00000
00000
00000
00000
00000
00000
00000
00000
00000
00000
00000
00000
00000
00000
00000
00000
00000
00000
00000
00000
00000
00000
00000
00000
00000
00000
00000
00000
00000
00000
00000
00000
00000
00000
00000
00000
00000
00000
00000
00000
00000
00000
00000
00000
00000
00000
00000
00000
00000
00000
00000
00000
00000
00000
00000
00000
00000
00000
00000
00000
00000
00000
00000
00000
00000
00000
00000
00000
00000
00000
00000
00000
00000
00000
00000
00000
00000
00000
00000
00000
00000
00000
00000
00000
00000
00000
00000
00000
00000
00000
00000
00000
00000
00000
00000
00000
00000
00000
00000
00000
00000
00000
00000
00000
00000
00000
00000
00000
00000
00000
00000
00000
00000
00000
00000
00000
00000
00000
00000
00000
00000
00000
00000
00000
00000
00000
00000
00000
00000
00000
00000
00000
00000
00000
00000
00000
00000
00000
00000
00000
00000
00000
00000
00000
00000
00000
00000
00000
00000
00000
00000
00000
00000
00000
00000
00000
00000
00000
00000
00000
00000
00000
00000
00000
00000
00000
00000
00000
00000
00000
00000
00000
00000
00000
00000
00000
00000
00000
00000
00000
00000
00000
00000
00000
00000
00000
00000
00000
00000
00000
00000
00000
00000
00000
00000
00000
00000
00000
00000
00000
00000
00000
00000
00000
00000
00000
00000
00000
00000
00000
00000
00000
00000
00000
00000
00000
00000
00000
00000
00000
00000
00000
00000
00000
00000
00000
00000
00000
00000
00000
00000
00000
00000
00000
00000
00000
00000
00000
00000
00000
00000
00000
00000
00000
00000
00000
00000
00000
00000
00000
00000
00000
00000
00000
00000
00000
00000
00000
00000
00000
00000
00000
00000
00000
00000
00000
00000
00000
00000
00000
00000
00000
00000
00000
00000
00000
00000
00000
00000
00000
00000
00000
00000
00000
00000
00000
00000
00000
00000
00000
00000
00000
00000
00000
00000
00000
00000
00000
00000
00000
00000
00000
00000
00000
00000
00000
00000
00000
00000
00000
00000
00000
00000
00000
00000
00000
00000
00000
00000
00000
00000
00000
00000
00000
00000
00000
00000
00000
00000
00000
00000
00000
00000
00000
00000
00000
00000
00000
00000
00000
00000
00000
00000
00000
00000
00000
00000
00000
00000
00000
00000
00000
00000
00000
00000
00000
00000
00000
00000
00000
00000
00000
00000
00000
00000
00000
00000
00000
00000
00000
00000
00000
00000
00000
00000
00000
00000
00000
00000
00000
00000
00000
00000
00000
00000
00000
00000
00000
00000
00000
00000
00000
00000
00000
00000
00000
00000
00000
00000
00000
00000
00000
00000
00000
00000
00000
00000
00000
00000
00000
00000
00000
00000
00000
00000
00000
00000
00000
00000
00000
00000
00000
00000
00000
00000
00000
00000
00000
00000
00000
00000
00000
00000
00000
00000
00000
00000
00000
00000
00000
00000
00000
00000
00000
00000
00000
00000
00000
00000
00000
00000
00000
00000
00000
00000
00000
00000
00000
00000
00000
00000
00000
00000
00000
00000
00000
00000
00000
