           280387477
           224968865
            16386637
             8850162
            38600183
            28790016
            41042286
            56873129
            32828230
             6906111
            13430069
            13967417
             4479700
             1267878
              727511
              815327
              733623
              560437
              462172
              456422
              528245
              489157
              415668
              524309
              279184
              247914
           890722248
           107743344
            30188629
            19930222
            34176156
            94054605
            70064454
            56452199
            70905911
            15676545
            11238618
            10978234
             3767816
             3313076
              923323
             1479525
             1144128
              655887
              323365
              369397
              289882
              188179
              235464
              442581
               74324
               68876
           314571535
           415893758
            51369821
            36013982
            84567972
            45992111
            42073126
            88898308
            64621549
            11164015
             8344378
             5756314
             2064177
             2695958
             1515947
             3774837
             1568826
              694000
              464552
              265394
              245211
              267159
              379203
              375965
               51580
               64039
           759351842
           112265422
            23328492
            21358209
            76001451
           116423183
            97697723
            28474647
            33812998
            19130424
            17160885
             5811576
             3852128
             2449924
             1818180
             2522028
             3206400
             2817472
             2269904
              642063
              302295
              280393
              272078
              269281
               59497
               48910
          4262736192
           122620176
           240340917
           171819254
            79544127
           135529524
            87152143
            60503728
            41495711
            15399718
            11849289
             7729265
             2622515
             2098383
             4248543
            13906757
             2358896
             1015625
             1757259
              649473
              120907
               67818
               91584
              140321
               53509
               54067
        718584999378
        184193410400
          6035561634
          3326353003
           190649708
           188237881
            95348974
            51012544
            91730682
           121481150
           170647034
           208953202
            22212129
             3296724
           237350309
           574075596
            43822578
            31153443
            20313204
             2148533
              805193
              217348
              163708
              156565
               81133
               68746
