         0
       337
      1808
     -6876
     11608
     -8658
       102
       740
      -550
      3285
     -2618
      4343
     -5126
      1460
       433
      -292
       114
       323
      -154
      -199
      -414
       612
        75
      -228
      -574
      1379
     -1608
      1347
     -1371
       755
       -50
       418
      -709
       980
     -1252
      1767
     -1635
       823
      -606
       581
      -292
      -573
      1565
     -1379
      -196
      1401
     -1245
       484
       -59
      -103
       151
       -84
       123
        33
       -57
      -183
       267
      -161
       -87
       388
      -696
       916
      -680
       105
       214
      -118
        58
      -245
       502
      -399
       -72
       194
      -323
       559
      -570
       645
      -659
       504
      -340
       304
      -349
       335
      -251
       119
        27
      -142
       129
        29
      -144
       202
      -335
       266
        82
      -121
      -190
       125
       -27
        53
       -18
        50
       -37
        48
      -127
       119
       -94
        84
       -88
       103
       -87
        36
       -24
        76
      -113
       144
      -166
       102
       -10
       -13
       -17
        86
      -114
        36
         1
        32
      -160
       180
       -65
        97
      -128
        64
       -62
       106
       -71
        70
      -117
        94
       -63
        49
       -56
        92
      -129
       117
       -63
        81
       -69
        12
        47
       -71
        16
        38
      -142
       154
       -87
        58
       -38
        42
       -80
        74
       -55
        73
       -48
        32
       -13
       -17
        32
        27
       -92
       112
       -77
        10
        17
       -13
       -38
        53
       -36
        60
       -97
        70
       -59
        57
       -48
        46
       -18
        10
       -14
        25
       -31
        44
       -65
        74
       -64
        63
       -84
        78
       -39
         4
         6
        18
       -24
        43
       -74
        53
       -30
        -2
       -36
        93
       -62
        57
       -46
        38
       -14
        13
       -14
        50
       -64
        54
       -16
        -7
       -37
        58
       -44
        46
       -34
        21
       -53
        55
       -26
        16
       -22
        28
       -42
        36
       -37
        37
       -21
        21
         1
        28
       -61
        66
       -68
        59
       -80
        59
       -33
        46
       -66
        77
       -65
         9
       -14
        24
       -11
        -8
       -11
        44
       -30
        28
       -37
        18
         9
       -24
       -20
        21
        -9
        19
       -40
        76
       -47
        39
       -78
        55
       -50
        48
       -49
        46
       -35
        25
       -47
        51
       -59
        62
       -54
        32
       -28
        36
       -40
        27
       -11
        17
       -16
        18
       -26
         8
        -9
         1
       -14
        22
       -36
        14
       -30
        53
       -54
        40
       -42
        37
       -30
        49
       -60
        78
       -54
        31
       -22
        21
       -34
        40
       -24
         4
       -23
        42
       -52
        27
       -24
        38
       -47
        20
         1
        33
       -54
        40
       -36
        24
        12
       -15
         3
        16
       -19
         0
         8
       -19
        14
        -3
        13
         4
       -35
        50
       -38
        43
       -32
        43
       -61
        66
       -16
       -39
        43
        12
       -48
        48
       -42
        18
       -31
        34
        -8
        36
       -72
        69
       -51
        36
       -31
        31
       -25
        29
       -15
        16
       -24
         9
        -7
        -2
       -27
        26
       -25
        26
       -18
        38
       -14
        -9
        -1
         0
       -10
        20
        -9
        16
        -6
         2
       -13
         3
       -16
         2
         8
       -10
         1
        12
       -22
         4
       -11
        17
       -22
        20
       -18
        19
       -19
        18
        -1
         8
       -12
        13
       -11
         3
       -10
        11
       -22
        30
       -25
        16
       -10
        -5
       -19
        16
        -5
         3
       -19
        19
       -15
        22
       -14
        12
       -11
        -5
         4
         9
       -11
        10
         0
        -7
        -4
        15
         2
         6
       -18
         5
        -8
        12
        -2
         2
        -9
         9
        -9
        -1
        -1
        -3
        -1
         4
         7
        -7
       -15
        14
        -1
        -3
       -16
        13
        -7
        15
       -14
        -7
       -10
         1
         7
        -5
        -6
         4
         5
        14
       -20
         3
       -13
        11
         4
        -7
        -8
        -6
        13
         4
        -6
         7
        -2
         1
        -8
         8
         3
        -4
         4
         1
       -12
        15
        -2
        12
        -4
       -10
         4
        10
        -6
         1
         0
        -1
         6
       -10
        -4
        10
         4
       -12
         2
       -15
        12
        -1
        -4
         4
        -3
        -8
         8
        -1
         2
        -7
         6
        -4
       -13
         6
         8
         7
        -4
       -11
        13
        -3
        20
       -14
        -5
        -4
         6
         5
        -7
        -1
        10
         7
        14
       -15
         7
       -13
        16
         3
         1
       -14
        15
         7
        -7
        -4
         1
         3
         1
         1
         9
        -9
         9
        -2
         2
       -12
         8
        -5
        18
        -6
        -2
       -15
         4
         7
         0
       -10
        11
        -9
        -4
         5
        11
       -12
        14
       -22
        15
       -19
        19
        -3
         5
       -16
        19
         5
        10
       -16
        25
       -30
        22
       -11
        10
        -3
        11
       -13
        12
        -8
         1
       -18
        19
       -19
        18
       -20
        22
       -17
        11
        -4
        22
       -12
        -1
        10
        -8
        -2
        16
        -3
        13
        -2
         6
       -16
         9
       -20
        10
         0
         1
         9
        14
       -38
        18
       -26
        25
       -26
        27
         2
         7
        -9
        24
       -16
        15
       -29
        25
       -31
        31
       -36
        51
       -69
        72
       -36
         8
       -34
        31
       -18
        42
       -48
        48
       -12
       -43
        39
        16
       -66
        61
       -43
        32
       -43
        38
       -50
        35
        -4
       -13
         3
       -14
        19
        -8
         0
        19
       -16
        -3
        15
       -12
       -24
        36
       -40
        54
       -33
        -1
       -20
        47
       -38
        24
       -27
        52
       -42
        23
        -4
        24
       -40
        34
       -21
        22
       -31
        54
       -78
        60
       -49
        30
       -37
        42
       -40
        54
       -53
        30
       -14
        36
       -22
        14
        -1
         9
        -8
        26
       -18
        16
       -17
        11
       -27
        40
       -36
        28
       -32
        54
       -62
        59
       -51
        47
       -25
        35
       -46
        49
       -48
        50
       -55
        78
       -39
        47
       -76
        40
       -19
         9
       -21
        20
        24
        -9
       -18
        37
       -28
        30
       -44
        11
         8
        11
       -24
        14
        -9
        65
       -77
        66
       -46
        33
       -59
        80
       -59
        68
       -66
        61
       -28
        -1
       -21
        21
       -37
        37
       -36
        42
       -28
        22
       -16
        26
       -55
        53
       -21
        34
       -46
        44
       -58
        37
         7
        16
       -54
        64
       -50
        14
       -13
        14
       -38
        46
       -57
        62
       -93
        36
         2
        30
       -53
        74
       -43
        24
       -18
        -6
        -4
        39
       -78
        84
       -63
        64
       -74
        65
       -44
        31
       -25
        14
       -10
        18
       -46
        48
       -57
        59
       -70
        97
       -60
        36
       -53
        38
        13
       -17
       -10
        77
      -112
        92
       -27
       -32
        17
        13
       -32
        48
       -73
        55
       -74
        80
       -42
        38
       -58
        87
      -154
       142
       -38
       -16
        71
       -47
       -12
        69
       -81
        63
      -117
       129
       -92
        56
       -49
        63
       -94
       117
       -70
        71
      -106
        62
       -64
       128
       -97
        65
      -180
       160
       -32
        -1
       -36
       114
       -86
        17
        13
        10
      -102
       166
      -144
       113
       -76
        24
       -36
        87
      -103
        88
       -84
        94
      -119
       127
       -48
        37
       -50
        18
       -53
        27
      -125
       190
       121
       -82
      -266
       335
      -202
       144
       -29
      -129
       142
       -27
      -119
       251
      -335
       349
      -304
       340
      -504
       659
      -645
       570
      -559
       323
      -194
        72
       399
      -502
       245
       -58
       118
      -214
      -105
       680
      -916
       696
      -388
        87
       161
      -267
       183
        57
       -33
      -123
        84
      -151
       103
        59
      -484
      1245
     -1401
       196
      1379
     -1565
       573
       292
      -581
       606
      -823
      1635
     -1767
      1252
      -980
       709
      -418
        50
      -755
      1371
     -1347
      1608
     -1379
       574
       228
       -75
      -612
       414
       199
       154
      -323
      -114
       292
      -433
     -1460
      5126
     -4343
      2618
     -3285
       550
      -740
      -102
      8658
    -11608
      6876
     -1808
      -337
         0
     -4546
     -1337
      2976
     -4305
     13564
    -14087
      3336
      4275
     -4316
      1974
      -794
     -2599
      2769
      -955
       571
       670
      -442
      -509
      1367
     -1470
       199
        -1
       712
      -376
       492
     -1615
      1638
      -544
      -287
      -122
       302
       214
      -549
       952
     -1496
       895
       -21
       293
      -580
      -442
       290
       863
       284
     -1295
       758
      -971
       708
      -250
       434
       -12
      -657
       832
      -540
       133
      -227
       580
      -293
       -70
       131
       206
      -712
       398
      -148
       413
      -607
       479
      -397
       286
       351
      -386
       123
      -134
        -5
      -109
       154
      -160
       200
      -244
       342
      -347
       354
      -407
       225
       -84
       -35
       294
      -308
       116
        25
        66
      -296
       192
       196
      -323
        66
       187
      -240
       225
      -142
       -56
       259
      -246
         9
        36
        38
       -82
       123
      -154
        62
        70
       -41
       -34
        67
       -28
       -45
        29
         0
        88
       -96
        16
        -4
       -21
       -66
       193
      -184
       118
       -50
         5
         6
        22
       -96
        28
        79
       -87
        41
        -9
       -24
         8
       -16
       -10
        10
       -12
        49
       -27
       -34
        19
        34
        38
       -99
       104
       -81
       -17
       130
      -142
       131
       -73
        45
       -46
        26
        -5
       -64
        59
        10
        -6
        37
       -24
       -29
       -59
        60
        13
        20
       -27
       -64
       100
       -41
        17
       -57
        54
       -82
        86
       -40
        29
       -54
        11
        -5
         2
        12
       -24
       -14
         8
        29
       -48
         9
        -1
         6
         3
        -4
       -26
        85
       -54
        37
      -113
       120
       -37
       -51
        54
       -35
         9
        13
        -3
        57
       -72
        50
       -24
       -37
         5
        19
        19
       -49
        12
        38
       -27
        45
       -29
        21
         8
       -10
        10
        -3
       -16
        25
        20
       -80
        56
       -30
         1
        34
       -75
        38
       -32
         7
        20
       -20
        30
       -39
        24
        19
       -89
       120
       -89
        50
       -38
        33
       -14
       -11
        14
         1
       -10
         1
       -12
        14
        11
       -44
        17
        15
        32
       -79
        36
        12
       -44
        23
         2
        10
       -19
         2
       -21
        62
       -52
        -6
        26
       -17
        18
       -27
         2
         0
        -6
        15
         1
       -11
         1
       -20
        30
       -47
        39
       -13
         5
        25
       -26
         6
         0
       -13
        -5
         1
       -15
         1
        44
       -25
         3
         8
         1
       -43
        22
       -11
        -6
        12
       -23
        24
         5
       -35
        36
        -7
       -10
        30
       -22
        16
       -16
        87
       -67
        38
       -45
        44
       -18
         6
        -2
       -21
         9
        -5
        -2
        16
       -27
       -18
        57
       -38
       -23
         7
        20
        25
       -10
       -28
        35
       -40
        27
       -42
       126
      -139
        27
        -9
         8
         8
         9
       -41
        54
       -53
        48
       -52
        29
         8
        -3
        21
         4
        -6
         2
        -6
        20
       -22
        21
       -13
        -7
        -5
        -8
        20
        -6
         4
        -3
         0
        18
       -24
         5
        -2
         3
         6
       -14
        10
         0
       -14
         9
        -1
         4
         7
       -14
        13
        -4
         0
         4
        -7
         0
         6
         2
        -9
         8
         7
         4
        10
       -23
         0
        -5
        18
        25
        -6
       -12
         0
        10
        -3
         4
        -6
        -6
        -9
        12
       -11
        -5
         2
        -7
        18
        -4
        16
       -20
         2
         9
       -25
        12
       -21
        -4
        27
         4
       -13
         1
       -23
        13
       -12
        24
       -10
        24
        -5
        14
        -9
         0
       -11
         7
         0
         4
       -31
         2
         6
       -14
         4
        11
        20
        -7
         0
        13
       -16
        10
       -12
         5
        -7
         9
         2
       -24
        19
       -12
         4
       -12
        19
        16
       -10
        11
        18
        -6
        -6
        -1
         3
         0
       -17
         7
         6
         4
         3
         5
       -11
         7
        -2
        10
       -16
         1
        -4
       -11
        -4
        17
         4
        19
       -10
         0
        10
       -19
        -4
       -17
         4
        11
         4
        -1
        16
       -10
         2
        -7
        11
        -5
        -3
        -4
        -6
        -7
        17
         0
        -3
         1
         6
         6
       -18
       -11
        10
       -16
       -19
        12
        -4
        12
       -19
        24
        -2
        -9
         7
        -5
        12
       -10
        16
       -13
         0
         7
       -20
       -11
        -4
        14
        -6
        -2
        31
        -4
         0
        -7
        11
         0
         9
       -14
         5
       -24
        10
       -24
        12
       -13
        23
        -1
        13
        -4
       -27
         4
        21
       -12
        25
        -9
        -2
        20
       -16
         4
       -18
         7
        -2
         5
        11
       -12
         9
         6
         6
        -4
         3
       -10
         0
        12
         6
       -25
       -18
         5
         0
        23
       -10
        -4
        -7
        -8
         9
        -2
        -6
         0
         7
        -4
         0
         4
       -13
        14
        -7
        -4
         1
        -9
        14
         0
       -10
        14
        -6
        -3
         2
        -5
        24
       -18
         0
         3
        -4
         6
       -20
         8
         5
         7
        13
       -21
        22
       -20
         6
        -2
         6
        -4
       -21
         3
        -8
       -29
        52
       -48
        53
       -54
        41
        -9
        -8
        -8
         9
       -27
       139
      -126
        42
       -27
        40
       -35
        28
        10
       -25
       -20
        -7
        23
        38
       -57
        18
        27
       -16
         2
         5
        -9
        21
         2
        -6
        18
       -44
        45
       -38
        67
       -87
        16
       -16
        22
       -30
        10
         7
       -36
        35
        -5
       -24
        23
       -12
         6
        11
       -22
        43
        -1
        -8
        -3
        25
       -44
        -1
        15
        -1
         5
        13
         0
        -6
        26
       -25
        -5
        13
       -39
        47
       -30
        20
        -1
        11
        -1
       -15
         6
         0
        -2
        27
       -18
        17
       -26
         6
        52
       -62
        21
        -2
        19
       -10
        -2
       -23
        44
       -12
       -36
        79
       -32
       -15
       -17
        44
       -11
       -14
        12
        -1
        10
        -1
       -14
        11
        14
       -33
        38
       -50
        89
      -120
        89
       -19
       -24
        39
       -30
        20
       -20
        -7
        32
       -38
        75
       -34
        -1
        30
       -56
        80
       -20
       -25
        16
         3
       -10
        10
        -8
       -21
        29
       -45
        27
       -38
       -12
        49
       -19
       -19
        -5
        37
        24
       -50
        72
       -57
         3
       -13
        -9
        35
       -54
        51
        37
      -120
       113
       -37
        54
       -85
        26
         4
        -3
        -6
         1
        -9
        48
       -29
        -8
        14
        24
       -12
        -2
         5
       -11
        54
       -29
        40
       -86
        82
       -54
        57
       -17
        41
      -100
        64
        27
       -20
       -13
       -60
        59
        29
        24
       -37
         6
       -10
       -59
        64
         5
       -26
        46
       -45
        73
      -131
       142
      -130
        17
        81
      -104
        99
       -38
       -34
       -19
        34
        27
       -49
        12
       -10
        10
        16
        -8
        24
         9
       -41
        87
       -79
       -28
        96
       -22
        -6
        -5
        50
      -118
       184
      -193
        66
        21
         4
       -16
        96
       -88
         0
       -29
        45
        28
       -67
        34
        41
       -70
       -62
       154
      -123
        82
       -38
       -36
        -9
       246
      -259
        56
       142
      -225
       240
      -187
       -66
       323
      -196
      -192
       296
       -66
       -25
      -116
       308
      -294
        35
        84
      -225
       407
      -354
       347
      -342
       244
      -200
       160
      -154
       109
         5
       134
      -123
       386
      -351
      -286
       397
      -479
       607
      -413
       148
      -398
       712
      -206
      -131
        70
       293
      -580
       227
      -133
       540
      -832
       657
        12
      -434
       250
      -708
       971
      -758
      1295
      -284
      -863
      -290
       442
       580
      -293
        21
      -895
      1496
      -952
       549
      -214
      -302
       122
       287
       544
     -1638
      1615
      -492
       376
      -712
         1
      -199
      1470
     -1367
       509
       442
      -670
      -571
       955
     -2769
      2599
       794
     -1974
      4316
     -4275
     -3336
     14087
    -13564
      4305
     -2976
      1337
      4546
         0
     18424
    -26511
     14091
     -7598
     14592
    -10087
      4477
     -2243
      1034
     -5272
      6935
     -5223
      3204
     -1623
      -246
       827
      -111
      -447
      1488
     -2263
      1546
      -776
       887
       348
     -1936
      1956
      -922
       251
       569
     -1007
       -69
      -314
      1239
     -1288
       575
      1011
     -1259
       -12
      1652
     -1511
      -802
      1955
       -97
     -1770
      1655
     -1325
       922
        -8
      -572
       587
      -207
        55
      -212
       -31
        10
       171
       409
      -777
       418
      -532
       662
      -174
        87
      -445
       224
       189
      -173
       271
      -255
      -124
       389
      -334
       269
      -360
       150
       161
      -142
       105
      -139
        49
       130
      -284
       185
      -147
       146
       -96
       121
       -10
      -112
        72
        81
      -228
       436
      -339
         6
       141
      -170
       156
      -195
       267
      -197
       -94
       233
       -42
        -1
       -14
       -10
       -41
        53
       -13
        25
        32
       -92
        45
        13
        26
      -131
       103
       -77
       151
      -104
       194
      -483
       522
      -301
       281
      -342
       196
       -54
       -30
        62
        -8
      -114
        94
        18
       -48
         3
        -5
        67
       -62
        29
        31
       -28
         6
        20
        97
      -161
      -175
       396
       -63
       -92
       -14
       -40
        71
       -97
        35
        12
        13
       -46
        -2
        52
       -15
       -56
        32
        -9
        18
        13
        -1
       -58
        66
         8
       -73
        73
        16
        12
      -120
        11
        45
       -68
       123
       -74
        16
        34
       -26
        -2
        14
        13
       -20
         8
        57
       -75
        59
       -67
        28
       -21
       -21
        93
       -93
        17
        35
        28
       -89
        37
       -33
        53
         0
       -21
        10
        -1
        15
        29
       -24
       -27
         5
        64
       -56
        25
       -36
        41
       -17
        -4
         5
        11
         9
       -38
        18
        -6
        20
       -11
        -1
       -11
         5
        14
       -12
         5
       -54
        65
        -7
        -2
       -31
        43
       -10
        20
       -33
         0
        13
        32
       -31
         9
       -25
       -27
        42
        -9
       -12
         2
        30
       -10
       -50
        45
        -8
       -35
        35
        11
        27
       -66
        31
        16
         1
       -24
        30
       -47
        91
       -86
        19
        19
         6
       -33
        10
       -26
        27
        -5
       -33
        11
       -12
        42
       -26
        14
       -29
        21
        -1
        16
       -23
        -7
        10
         3
        10
       -12
       -13
        -7
        26
       -11
        23
       -53
        48
       -67
        50
       -13
        31
       -39
        13
         8
        25
       -31
        23
         3
        -9
         3
        -6
        13
         7
        21
       -21
        -8
         8
        11
        22
       -56
         0
        48
       -40
       -32
        57
       -66
        35
        -7
        -8
       -22
        44
       -33
       -11
         0
        40
       -16
        33
       -61
        60
       -27
         0
       -24
        39
        -8
       -16
        -4
       -11
        72
       -99
        33
         5
        14
        -6
        -2
       -21
        40
       -21
         5
       -17
        -2
         4
         6
        -5
        13
        -6
         1
       -13
         5
        -2
         6
       -10
         0
        16
         6
       -10
         6
       -10
        10
         1
        -5
         2
        -9
        -6
        20
        -3
         5
         7
         7
        10
        -3
       -15
        18
       -14
        11
       -11
        -5
        21
       -18
         8
       -11
        14
       -17
       -16
         9
        21
         9
        -4
        -4
        -5
       -10
        -5
         4
       -12
         7
       -18
        -2
        -8
        11
         2
        10
        -9
         7
         8
       -20
        13
         7
        -9
        -4
         7
       -12
        12
        -5
        20
         3
         4
       -13
        -5
        -1
       -25
        12
        -1
        19
         0
         2
         0
       -12
        11
         5
       -15
        30
       -13
         4
        -9
        -9
       -11
        10
         2
        26
         3
         7
       -20
        19
         5
        10
        -5
       -10
       -18
        21
        -3
       -13
         2
        -3
         4
        -5
         5
         9
       -13
        16
         4
       -10
         2
        11
         2
         0
         1
       -14
        -1
        -3
         1
        -4
         9
       -24
        11
         3
       -14
        16
        -9
        -1
        -3
        -8
         8
        -7
         7
       -16
         0
        16
        -7
         7
        -8
         8
         3
         1
         9
       -16
        14
        -3
       -11
        24
        -9
         4
        -1
         3
         1
        14
        -1
         0
        -2
       -11
        -2
        10
        -4
       -16
        13
        -9
        -5
         5
        -4
         3
        -2
        13
         3
       -21
        18
        10
         5
       -10
        -5
       -19
        20
        -7
        -3
       -26
        -2
       -10
        11
         9
         9
        -4
        13
       -30
        15
        -5
       -11
        12
         0
        -2
         0
       -19
         1
       -12
        25
         1
         5
        13
        -4
        -3
       -20
         5
       -12
        12
        -7
         4
         9
        -7
       -13
        20
        -8
        -7
         9
       -10
        -2
       -11
         8
         2
        18
        -7
        12
        -4
         5
        10
         5
         4
         4
        -9
       -21
        -9
        16
        17
       -14
        11
        -8
        18
       -21
         5
        11
       -11
        14
       -18
        15
         3
       -10
        -7
        -7
        -5
         3
       -20
         6
         9
        -2
         5
        -1
       -10
        10
        -6
        10
        -6
       -16
         0
        10
        -6
         2
        -5
        13
        -1
         6
       -13
         5
        -6
        -4
         2
        17
        -5
        21
       -40
        21
         2
         6
       -14
        -5
       -33
        99
       -72
        11
         4
        16
         8
       -39
        24
         0
        27
       -60
        61
       -33
        16
       -40
         0
        11
        33
       -44
        22
         8
         7
       -35
        66
       -57
        32
        40
       -48
         0
        56
       -22
       -11
        -8
         8
        21
       -21
        -7
       -13
         6
        -3
         9
        -3
       -23
        31
       -25
        -8
       -13
        39
       -31
        13
       -50
        67
       -48
        53
       -23
        11
       -26
         7
        13
        12
       -10
        -3
       -10
         7
        23
       -16
         1
       -21
        29
       -14
        26
       -42
        12
       -11
        33
         5
       -27
        26
       -10
        33
        -6
       -19
       -19
        86
       -91
        47
       -30
        24
        -1
       -16
       -31
        66
       -27
       -11
       -35
        35
         8
       -45
        50
        10
       -30
        -2
        12
         9
       -42
        27
        25
        -9
        31
       -32
       -13
         0
        33
       -20
        10
       -43
        31
         2
         7
       -65
        54
        -5
        12
       -14
        -5
        11
         1
        11
       -20
         6
       -18
        38
        -9
       -11
        -5
         4
        17
       -41
        36
       -25
        56
       -64
        -5
        27
        24
       -29
       -15
         1
       -10
        21
         0
       -53
        33
       -37
        89
       -28
       -35
       -17
        93
       -93
        21
        21
       -28
        67
       -59
        75
       -57
        -8
        20
       -13
       -14
         2
        26
       -34
       -16
        74
      -123
        68
       -45
       -11
       120
       -12
       -16
       -73
        73
        -8
       -66
        58
         1
       -13
       -18
         9
       -32
        56
        15
       -52
         2
        46
       -13
       -12
       -35
        97
       -71
        40
        14
        92
        63
      -396
       175
       161
       -97
       -20
        -6
        28
       -31
       -29
        62
       -67
         5
        -3
        48
       -18
       -94
       114
         8
       -62
        30
        54
      -196
       342
      -281
       301
      -522
       483
      -194
       104
      -151
        77
      -103
       131
       -26
       -13
       -45
        92
       -32
       -25
        13
       -53
        41
        10
        14
         1
        42
      -233
        94
       197
      -267
       195
      -156
       170
      -141
        -6
       339
      -436
       228
       -81
       -72
       112
        10
      -121
        96
      -146
       147
      -185
       284
      -130
       -49
       139
      -105
       142
      -161
      -150
       360
      -269
       334
      -389
       124
       255
      -271
       173
      -189
      -224
       445
       -87
       174
      -662
       532
      -418
       777
      -409
      -171
       -10
        31
       212
       -55
       207
      -587
       572
         8
      -922
      1325
     -1655
      1770
        97
     -1955
       802
      1511
     -1652
        12
      1259
     -1011
      -575
      1288
     -1239
       314
        69
      1007
      -569
      -251
       922
     -1956
      1936
      -348
      -887
       776
     -1546
      2263
     -1488
       447
       111
      -827
       246
      1623
     -3204
      5223
     -6935
      5272
     -1034
      2243
     -4477
     10087
    -14592
      7598
    -14091
     26511
    -18424
         0
     -5710
      7826
     -1113
      8483
    -32673
     25028
     -3506
     -5430
      6755
       247
     -2444
     -1419
      2064
      -529
       691
      -386
     -1157
      -128
      1300
      -270
      -656
      1268
        24
     -2467
      2539
     -1412
       565
         4
      1428
     -2017
      1732
     -2096
      1296
      -106
     -1806
      2406
      -982
       547
        39
      -986
       208
       672
       684
      -976
       -72
       586
      -723
       605
     -1376
      1317
       108
      -557
       286
        13
      -301
       482
      -532
       572
      -544
       295
      -280
       341
       120
      -788
       764
       149
      -761
       553
      -154
      -103
       112
       -18
       227
      -284
      -116
       222
       -63
      -228
       387
      -159
        83
       -96
      -134
       316
      -173
      -121
       154
       -99
       -39
       178
       -51
      -107
       142
      -301
       387
      -250
        67
       -56
        89
       -20
       -60
        89
       -81
         8
        67
      -113
        99
        16
       -38
       -34
        21
       -37
       115
      -173
       163
       -72
        48
        45
      -200
       137
      -194
       129
       303
      -222
       -98
        45
       158
      -224
        84
       -22
        38
       -52
        29
       -23
        23
       -84
       117
       -52
        20
       -18
       -88
       128
       -53
        -6
       -42
       114
         5
       -21
       -28
       -82
       112
       -21
       -35
        69
       -32
        90
      -116
       -37
       125
      -112
        51
       -38
        -4
        54
       -85
        90
       -72
        15
        -1
        28
       -44
        15
        88
      -337
       541
      -532
       254
        11
       -22
       -32
        12
        15
       -13
         1
         0
       -17
       -23
        49
       -11
       -13
        -7
       -25
         2
       -25
         3
        28
       -31
       -13
       134
      -266
       262
      -145
        21
        29
       -15
       -15
        22
        -9
        -1
        16
       -53
        41
       -13
        12
        19
       -59
        13
        51
       -42
         3
         7
       -30
        41
        -8
         1
       -16
        12
         6
        -5
        -7
       -10
        27
       -24
         6
        -4
        10
       -40
        46
        31
       -84
        31
        -3
         8
        -5
        -9
        43
       -18
        13
       -29
         1
       -33
        78
       -54
        19
       -50
        27
        12
        13
       -52
        -8
        29
        -5
         7
       -45
        72
       -95
        65
       -11
       -12
        13
       -31
        56
       -27
         8
       -32
        28
       -26
        38
       -16
        -5
       -28
        21
       -21
        56
       -70
        46
        27
       -40
        13
        26
       -51
        19
        -6
         3
       -17
        11
       -11
        -4
        13
        -5
       -15
        20
        -3
       -39
        56
       -51
        37
         5
        -3
         9
       -30
        36
       -22
       -23
        39
       -28
        13
        -9
        16
       -35
        55
        -9
       -37
        11
        25
        15
         4
         5
       -33
        21
       -56
        34
        10
       -13
        -6
        -4
         9
         9
       -20
        -9
        30
       -50
        53
        41
       -74
        26
         3
        -8
       -32
        60
       -39
        -2
       -13
        25
        -8
        -8
        -2
        -7
       -15
         5
        -6
        28
       -36
        11
         9
         0
       -14
         8
        -5
        12
        -2
       -18
        -2
         2
        11
         8
        -5
         5
         9
       -10
         8
         4
        -8
       -18
        -6
        -5
        -8
         8
        -1
         5
        -6
       -11
         2
       -17
        26
         4
       -19
        15
        -5
         1
         9
         4
       -10
         0
        -5
        -7
         9
       -10
        19
        -3
       -18
         6
         5
       -14
        13
         0
         1
        -3
       -18
        31
       -11
       -18
        39
       -29
         8
         5
        -3
        -8
        10
        22
       -13
         5
        -9
        -4
         1
        -4
         0
       -18
        31
       -22
         8
        13
        -2
        -9
       -11
        -7
         2
        -6
       -18
        -3
         2
        -5
        -2
        -2
        -4
         0
        15
       -13
        14
        -1
        -8
         1
       -14
        11
        -9
         2
        -6
         6
         6
        -4
        -6
        -8
        -7
        -9
         6
        -2
         4
         6
         4
        -4
        10
         9
         2
         2
       -23
         0
        -7
         1
        -4
         0
        10
         4
         4
        10
         1
        -6
       -11
        -9
        -8
         3
        -2
       -15
        17
         8
        18
       -18
         1
        17
        -7
         8
         8
         0
        -8
        -8
         7
       -17
        -1
        18
       -18
        -8
       -17
        15
         2
        -3
         8
         9
        11
         6
        -1
       -10
        -4
        -4
       -10
         0
         4
        -1
         7
         0
        23
        -2
        -2
        -9
       -10
         4
        -4
        -6
        -4
         2
        -6
         9
         7
         8
         6
         4
        -6
        -6
         6
        -2
         9
       -11
        14
        -1
         8
         1
       -14
        13
       -15
         0
         4
         2
         2
         5
        -2
         3
        18
         6
        -2
         7
        11
         9
         2
       -13
        -8
        22
       -31
        18
         0
         4
        -1
         4
         9
        -5
        13
       -22
       -10
         8
         3
        -5
        -8
        29
       -39
        18
        11
       -31
        18
         3
        -1
         0
       -13
        14
        -5
        -6
        18
         3
       -19
        10
        -9
         7
         5
         0
        10
        -4
        -9
        -1
         5
       -15
        19
        -4
       -26
        17
        -2
        11
         6
        -5
         1
        -8
         8
         5
         6
        18
         8
        -4
        -8
        10
        -9
        -5
         5
        -8
       -11
        -2
         2
        18
         2
       -12
         5
        -8
        14
         0
        -9
       -11
        36
       -28
         6
        -5
        15
         7
         2
         8
         8
       -25
        13
         2
        39
       -60
        32
         8
        -3
       -26
        74
       -41
       -53
        50
       -30
         9
        20
        -9
        -9
         4
         6
        13
       -10
       -34
        56
       -21
        33
        -5
        -4
       -15
       -25
       -11
        37
         9
       -55
        35
       -16
         9
       -13
        28
       -39
        23
        22
       -36
        30
        -9
         3
        -5
       -37
        51
       -56
        39
         3
       -20
        15
         5
       -13
         4
        11
       -11
        17
        -3
         6
       -19
        51
       -26
       -13
        40
       -27
       -46
        70
       -56
        21
       -21
        28
         5
        16
       -38
        26
       -28
        32
        -8
        27
       -56
        31
       -13
        12
        11
       -65
        95
       -72
        45
        -7
         5
       -29
         8
        52
       -13
       -12
       -27
        50
       -19
        54
       -78
        33
        -1
        29
       -13
        18
       -43
         9
         5
        -8
         3
       -31
        84
       -31
       -46
        40
       -10
         4
        -6
        24
       -27
        10
         7
         5
        -6
       -12
        16
        -1
         8
       -41
        30
        -7
        -3
        42
       -51
       -13
        59
       -19
       -12
        13
       -41
        53
       -16
         1
         9
       -22
        15
        15
       -29
       -21
       145
      -262
       266
      -134
        13
        31
       -28
        -3
        25
        -2
        25
         7
        13
        11
       -49
        23
        17
         0
        -1
        13
       -15
       -12
        32
        22
       -11
      -254
       532
      -541
       337
       -88
       -15
        44
       -28
         1
       -15
        72
       -90
        85
       -54
         4
        38
       -51
       112
      -125
        37
       116
       -90
        32
       -69
        35
        21
      -112
        82
        28
        21
        -5
      -114
        42
         6
        53
      -128
        88
        18
       -20
        52
      -117
        84
       -23
        23
       -29
        52
       -38
        22
       -84
       224
      -158
       -45
        98
       222
      -303
      -129
       194
      -137
       200
       -45
       -48
        72
      -163
       173
      -115
        37
       -21
        34
        38
       -16
       -99
       113
       -67
        -8
        81
       -89
        60
        20
       -89
        56
       -67
       250
      -387
       301
      -142
       107
        51
      -178
        39
        99
      -154
       121
       173
      -316
       134
        96
       -83
       159
      -387
       228
        63
      -222
       116
       284
      -227
        18
      -112
       103
       154
      -553
       761
      -149
      -764
       788
      -120
      -341
       280
      -295
       544
      -572
       532
      -482
       301
       -13
      -286
       557
      -108
     -1317
      1376
      -605
       723
      -586
        72
       976
      -684
      -672
      -208
       986
       -39
      -547
       982
     -2406
      1806
       106
     -1296
      2096
     -1732
      2017
     -1428
        -4
      -565
      1412
     -2539
      2467
       -24
     -1268
       656
       270
     -1300
       128
      1157
       386
      -691
       529
     -2064
      1419
      2444
      -247
     -6755
      5430
      3506
    -25028
     32673
     -8483
      1113
     -7826
      5710
         0
     19404
    -69804
     -3747
     43590
      9563
      9933
    -19306
     23627
    -17119
      2032
        21
     -3300
     -1926
      1140
      2995
     -4667
      5213
     -3949
      -886
      1894
      -948
       908
     -1023
      -697
       418
       724
     -1507
      1749
      -128
     -1437
      2527
     -2644
       603
        25
      -355
      1894
     -2416
      2023
     -1613
      1473
     -1359
       961
      -657
       571
      -562
       425
       288
     -2003
      2190
      -560
      -252
       281
      -397
       193
       107
       156
      -278
      -150
       351
       256
      -761
       333
       265
      -185
      -206
      -521
       845
       -67
      -185
       276
      -618
       448
       304
      -624
       317
        56
       -22
       -23
      -284
       176
       184
      -289
       -86
       383
       -27
      -223
       104
         0
       -52
         9
       138
      -210
       113
      -134
       180
      -253
       185
       -45
        42
      -122
       147
       -19
      -138
       146
      -111
        60
       -85
        76
        36
       -78
        70
       -36
        61
        12
       -10
       -75
       171
      -115
         3
       -75
      -167
        59
       267
      -122
      -112
       368
      -238
       -93
       258
      -188
        22
       127
       -90
       -85
       132
        41
       -89
       -81
       133
       -97
        -8
        61
        28
        27
      -191
       120
       236
      -192
       -29
      -165
       200
       -60
        79
       -33
      -100
       128
       -27
       -14
         2
        10
       -64
        48
        39
        -1
       -19
       -17
        59
       -27
        -3
       -14
        -8
        38
        49
        44
      -195
       214
      -218
       200
       -99
       -93
       185
      -126
        31
        49
       -89
        18
       -32
       121
       -77
        -9
        55
      -126
        90
       126
      -259
        98
       -69
       196
       -15
      -223
       122
        -7
       -44
        80
       -80
        39
         6
         3
        -7
       -27
       -11
        65
       -56
        51
       -70
        66
       -62
        55
       -20
         1
        15
        -6
       -18
        10
        19
         4
       -13
       -18
        23
        -1
       -10
        16
        -4
        -5
         2
        -5
       -20
        53
         1
       -44
        28
        19
         3
       -14
        15
         2
       -18
       -28
        41
       -34
         3
        43
       -28
       -14
        38
       -27
       -12
        32
        18
        -1
       -23
         2
        15
        10
       -16
       -12
        -9
       -10
        21
         5
        -4
         0
        13
        -9
        -2
        -9
        14
         7
         4
       -12
         2
        17
       -43
         2
        13
        10
        -1
       -32
        14
        -8
       -11
        11
       -38
        29
       -10
        -4
        -6
        23
         4
       -17
       -23
         3
         7
         1
        -2
       -13
         2
        -8
        12
         1
       -14
         1
        13
       -14
       -19
         8
         5
        -8
        20
       -16
       -37
        23
        11
       -29
         4
        14
         5
       -13
        -5
        36
        -7
        -1
        17
       -10
       -28
        44
        -5
       -24
        43
         0
       -50
        38
       -21
       -21
        47
        31
       -35
       -15
        19
        26
       -42
        -4
         4
       -24
        27
        24
       -26
         7
       -13
        12
       -10
       -11
        27
         0
       -10
        10
         9
        -9
        12
         3
         6
       -15
        27
       -35
        21
        -5
         2
         5
         6
         3
         2
       -20
        16
       -13
         4
       -12
        -4
         6
         3
        17
        -5
       -13
        -3
        15
        -7
         7
         0
        10
        -3
         8
        -2
         4
        -2
       -12
        15
       -26
        -1
         2
        10
         9
         5
        14
         8
       -11
        11
         1
        -2
       -16
        13
        -4
        10
        -7
         0
         6
        14
         5
        -1
       -15
        16
         3
         2
       -10
        -6
        -1
         2
         0
         9
        -2
         8
       -18
        24
         4
        -5
        15
       -23
        -5
         2
         1
         7
        -5
        -5
        -2
         9
         4
         2
        -8
        -1
         5
        -9
         5
       -14
        12
        -2
         3
        18
        -9
        -2
       -15
        15
        13
        -7
        11
       -17
       -19
        14
         4
        19
       -13
         7
       -10
         3
         5
       -14
         1
       -13
        10
       -10
         3
        -7
         0
         4
        -6
        12
       -19
        17
       -23
         3
       -10
        16
        -8
       -11
         6
       -17
        13
         8
       -11
        17
       -10
         3
        14
         6
         0
        -6
       -14
        -3
        10
       -17
        11
        -8
       -13
        17
        -6
        11
         8
       -16
        10
        -3
        23
       -17
        19
       -12
         6
        -4
         0
         7
        -3
        10
       -10
        13
        -1
        14
        -5
        -3
        10
        -7
        13
       -19
        -4
       -14
        19
        17
       -11
         7
       -13
       -15
        15
         2
         9
       -18
        -3
         2
       -12
        14
        -5
         9
        -5
         1
         8
        -2
        -4
        -9
         2
         5
         5
        -7
        -1
        -2
         5
        23
       -15
         5
        -4
       -24
        18
        -8
         2
        -9
         0
        -2
         1
         6
        10
        -2
        -3
       -16
        15
         1
        -5
       -14
        -6
         0
         7
       -10
         4
       -13
        16
         2
        -1
       -11
        11
        -8
       -14
        -5
        -9
       -10
        -2
         1
        26
       -15
        12
         2
        -4
         2
        -8
         3
       -10
         0
        -7
         7
       -15
         3
        13
         5
       -17
        -3
        -6
         4
        12
        -4
        13
       -16
        20
        -2
        -3
        -6
        -5
        -2
         5
       -21
        35
       -27
        15
        -6
        -3
       -12
         9
        -9
       -10
        10
         0
       -27
        11
        10
       -12
        13
        -7
        26
       -24
       -27
        24
        -4
         4
        42
       -26
       -19
        15
        35
       -31
       -47
        21
        21
       -38
        50
         0
       -43
        24
         5
       -44
        28
        10
       -17
         1
         7
       -36
         5
        13
        -5
       -14
        -4
        29
       -11
       -23
        37
        16
       -20
         8
        -5
        -8
        19
        14
       -13
        -1
        14
        -1
       -12
         8
        -2
        13
         2
        -1
        -7
        -3
        23
        17
        -4
       -23
         6
         4
        10
       -29
        38
       -11
        11
         8
       -14
        32
         1
       -10
       -13
        -2
        43
       -17
        -2
        12
        -4
        -7
       -14
         9
         2
         9
       -13
         0
         4
        -5
       -21
        10
         9
        12
        16
       -10
       -15
        -2
        23
         1
       -18
       -32
        12
        27
       -38
        14
        28
       -43
        -3
        34
       -41
        28
        18
        -2
       -15
        14
        -3
       -19
       -28
        44
        -1
       -53
        20
         5
        -2
         5
         4
       -16
        10
         1
       -23
        18
        13
        -4
       -19
       -10
        18
         6
       -15
        -1
        20
       -55
        62
       -66
        70
       -51
        56
       -65
        11
        27
         7
        -3
        -6
       -39
        80
       -80
        44
         7
      -122
       223
        15
      -196
        69
       -98
       259
      -126
       -90
       126
       -55
         9
        77
      -121
        32
       -18
        89
       -49
       -31
       126
      -185
        93
        99
      -200
       218
      -214
       195
       -44
       -49
       -38
         8
        14
         3
        27
       -59
        17
        19
         1
       -39
       -48
        64
       -10
        -2
        14
        27
      -128
       100
        33
       -79
        60
      -200
       165
        29
       192
      -236
      -120
       191
       -27
       -28
       -61
         8
        97
      -133
        81
        89
       -41
      -132
        85
        90
      -127
       -22
       188
      -258
        93
       238
      -368
       112
       122
      -267
       -59
       167
        75
        -3
       115
      -171
        75
        10
       -12
       -61
        36
       -70
        78
       -36
       -76
        85
       -60
       111
      -146
       138
        19
      -147
       122
       -42
        45
      -185
       253
      -180
       134
      -113
       210
      -138
        -9
        52
         0
      -104
       223
        27
      -383
        86
       289
      -184
      -176
       284
        23
        22
       -56
      -317
       624
      -304
      -448
       618
      -276
       185
        67
      -845
       521
       206
       185
      -265
      -333
       761
      -256
      -351
       150
       278
      -156
      -107
      -193
       397
      -281
       252
       560
     -2190
      2003
      -288
      -425
       562
      -571
       657
      -961
      1359
     -1473
      1613
     -2023
      2416
     -1894
       355
       -25
      -603
      2644
     -2527
      1437
       128
     -1749
      1507
      -724
      -418
       697
      1023
      -908
       948
     -1894
       886
      3949
     -5213
      4667
     -2995
     -1140
      1926
      3300
       -21
     -2032
     17119
    -23627
     19306
     -9933
     -9563
    -43590
      3747
     69804
    -19404
         0
    -36248
    177579
   -185821
    -21079
    -24963
    420516
   -320164
     22018
   -235943
    252345
     17340
    -47848
    -19216
     18521
     -6930
     17489
    -26168
      5067
     13093
     -5184
       944
     -1684
      1350
      -320
     -2359
      3985
     -1318
     -2318
      2382
      -315
     -1812
      1541
       530
     -1091
       323
      -683
      1173
      -903
       216
       798
      -838
       159
       610
     -1340
      1809
     -2371
      1896
      -327
      -876
      1062
       396
     -1597
       332
      1772
       232
     -2031
      -948
       946
       999
      -856
      -390
      1140
       671
     -1315
      -194
      1626
      -289
     -1886
     -1567
      3948
       452
     -1279
     -2524
      1968
       197
      -575
      -113
       966
       644
      -705
      -886
       318
       282
      -139
      -168
        89
       529
      -618
       413
      -286
        83
      -131
       302
      -230
       200
      -300
       118
       -39
        50
        14
        80
      -202
        67
        95
        32
       -94
        18
       -53
       -34
       112
        -7
       -53
      -140
       255
      -235
       289
       487
       285
     -1902
     -1719
      1652
      5871
     -2197
     -4349
      -493
      2079
      1121
     -1671
      -936
      1676
       666
      -534
      -455
       315
      -362
      -223
       472
       301
      -158
      -775
       362
       446
      -347
      -354
       912
       481
      -201
     -1512
       132
       786
       434
      -627
       -79
       322
      -147
       -93
       -54
       205
       -16
        37
        33
      -134
       -37
       120
        -5
      -100
      -121
       390
      -123
      -217
      -184
       985
      -184
      -785
      -901
       946
       906
      -523
      -410
       251
       193
      -190
      -271
       326
       165
      -164
       -79
       -10
       113
       -46
       -82
       150
      -168
       -56
       269
      -115
       -50
        81
      -222
       242
        42
      -123
      -239
       134
        59
       135
      -149
        41
        20
       -33
         9
       -65
        70
        53
       -81
         0
        42
        13
        44
       -90
        -4
        42
       -17
        92
      -166
        87
        41
       -54
       103
      -130
        39
        98
      -119
       -63
       134
        22
       -44
       -60
        14
       -57
        26
        83
       -61
       -53
        39
        -5
        -7
        -6
        55
       -61
        10
        -5
        -3
        37
       -18
       -34
        38
        -5
       -21
        25
       -72
        19
        47
       -42
       -39
        33
         9
        27
       -33
       -63
        42
        55
       -30
        -8
        -2
        14
       -14
       -31
        13
        12
       -59
         8
        27
        -4
        11
       -39
        -2
         4
        11
        -8
        18
       -26
        32
       -11
       -26
        16
        35
       -45
        -2
         7
         1
        19
       -32
         1
        47
        -3
       -31
         6
       -15
        17
         0
       -18
         2
        21
       -40
        21
       -23
         4
        -8
       -52
        52
       -22
        11
        24
       -27
       -18
       -11
        20
       -19
        12
         7
       -15
        10
       -13
        -6
         4
        -1
         3
         4
       -21
        26
         9
       -25
        -6
         1
        10
        -7
        -4
        -9
        32
        -9
        -5
       -28
        41
       -20
        -9
        37
       -48
        35
         5
       -40
        38
       -20
         8
        -5
         9
        10
       -28
        13
         6
         0
        13
        -8
       -19
        26
       -11
         4
         9
        -9
         0
         2
         2
         4
        13
        -7
        -3
        -5
        -3
        13
         5
       -34
         1
         4
       -19
         5
       -19
        15
        11
       -20
         9
         3
       -28
        14
        -9
        10
        22
       -18
         3
         1
       -20
        -8
        -2
         8
        -3
         2
        -2
       -10
        16
        -6
        17
       -19
        -4
        23
       -14
        -1
       -17
        18
       -33
        30
       -14
        10
        -3
       -12
         0
        19
       -13
         7
        -2
        -4
        23
        -4
       -30
         5
        -8
        13
        10
       -20
        11
        -1
       -16
        10
         4
       -15
        18
       -12
        -3
         2
         4
       -16
         7
        -6
         0
         8
        -3
       -16
         9
       -15
         4
        10
         1
         2
        -2
        -4
        21
       -11
        13
         1
        19
         6
        -7
       -24
         7
        -4
         8
        14
       -21
        11
        -2
        -6
       -20
        20
         4
       -21
        19
        -4
         9
       -18
         3
         8
        -8
       -18
         7
       -15
        10
         0
       -12
        -1
        11
       -15
        17
         4
         0
        -4
       -17
        15
       -11
         1
        12
         0
       -10
        15
        -7
        18
         8
        -8
        -3
        18
        -9
         4
       -19
        21
        -4
       -20
        20
         6
         2
       -11
        21
       -14
        -8
         4
        -7
        24
         7
        -6
       -19
        -1
       -13
        11
       -21
         4
         2
        -2
        -1
       -10
        -4
        15
        -9
        16
         3
        -8
         0
         6
        -7
        16
        -4
        -2
         3
        12
       -18
        15
        -4
       -10
        16
         1
       -11
        20
       -10
       -13
         8
        -5
        30
         4
       -23
         4
         2
        -7
        13
       -19
         0
        12
         3
       -10
        14
       -30
        33
       -18
        17
         1
        14
       -23
         4
        19
       -17
         6
       -16
        10
         2
        -2
         3
        -8
         2
         8
        20
        -1
        -3
        18
       -22
       -10
         9
       -14
        28
        -3
        -9
        20
       -11
       -15
        19
        -5
        19
        -4
        -1
        34
        -5
       -13
         3
         5
         3
         7
       -13
        -4
        -2
        -2
         0
         9
        -9
        -4
        11
       -26
        19
         8
       -13
         0
        -6
       -13
        28
       -10
        -9
         5
        -8
        20
       -38
        40
        -5
       -35
        48
       -37
         9
        20
       -41
        28
         5
         9
       -32
         9
         4
         7
       -10
        -1
         6
        25
        -9
       -26
        21
        -4
        -3
         1
        -4
         6
        13
       -10
        15
        -7
       -12
        19
       -20
        11
        18
        27
       -24
       -11
        22
       -52
        52
         8
        -4
        23
       -21
        40
       -21
        -2
        18
         0
       -17
        15
        -6
        31
         3
       -47
        -1
        32
       -19
        -1
        -7
         2
        45
       -35
       -16
        26
        11
       -32
        26
       -18
         8
       -11
        -4
         2
        39
       -11
         4
       -27
        -8
        59
       -12
       -13
        31
        14
       -14
         2
         8
        30
       -55
       -42
        63
        33
       -27
        -9
       -33
        39
        42
       -47
       -19
        72
       -25
        21
         5
       -38
        34
        18
       -37
         3
         5
       -10
        61
       -55
         6
         7
         5
       -39
        53
        61
       -83
       -26
        57
       -14
        60
        44
       -22
      -134
        63
       119
       -98
       -39
       130
      -103
        54
       -41
       -87
       166
       -92
        17
       -42
         4
        90
       -44
       -13
       -42
         0
        81
       -53
       -70
        65
        -9
        33
       -20
       -41
       149
      -135
       -59
      -134
       239
       123
       -42
      -242
       222
       -81
        50
       115
      -269
        56
       168
      -150
        82
        46
      -113
        10
        79
       164
      -165
      -326
       271
       190
      -193
      -251
       410
       523
      -906
      -946
       901
       785
       184
      -985
       184
       217
       123
      -390
       121
       100
         5
      -120
        37
       134
       -33
       -37
        16
      -205
        54
        93
       147
      -322
        79
       627
      -434
      -786
      -132
      1512
       201
      -481
      -912
       354
       347
      -446
      -362
       775
       158
      -301
      -472
       223
       362
      -315
       455
       534
      -666
     -1676
       936
      1671
     -1121
     -2079
       493
      4349
      2197
     -5871
     -1652
      1719
      1902
      -285
      -487
      -289
       235
      -255
       140
        53
         7
      -112
        34
        53
       -18
        94
       -32
       -95
       -67
       202
       -80
       -14
       -50
        39
      -118
       300
      -200
       230
      -302
       131
       -83
       286
      -413
       618
      -529
       -89
       168
       139
      -282
      -318
       886
       705
      -644
      -966
       113
       575
      -197
     -1968
      2524
      1279
      -452
     -3948
      1567
      1886
       289
     -1626
       194
      1315
      -671
     -1140
       390
       856
      -999
      -946
       948
      2031
      -232
     -1772
      -332
      1597
      -396
     -1062
       876
       327
     -1896
      2371
     -1809
      1340
      -610
      -159
       838
      -798
      -216
       903
     -1173
       683
      -323
      1091
      -530
     -1541
      1812
       315
     -2382
      2318
      1318
     -3985
      2359
       320
     -1350
      1684
      -944
      5184
    -13093
     -5067
     26168
    -17489
      6930
    -18521
     19216
     47848
    -17340
   -252345
    235943
    -22018
    320164
   -420516
     24963
     21079
    185821
   -177579
     36248
