     -2961
      4061
     -6223
      6041
      -383
     -8455
      8721
     -4282
      5486
     -4138
      2690
     -2803
     -1147
      2940
     -1135
        69
       396
      -496
       150
      -659
       993
      -394
       327
     -1185
      1669
     -1332
       595
      -227
       -75
       603
        11
      -553
       580
      -557
       487
      -121
      -857
      1065
      -827
       945
     -1287
      1419
      -566
     -1048
      1723
      -791
      -411
       773
      -547
       365
      -145
        72
        25
      -115
       -66
        36
       219
      -451
       607
      -603
       434
        -9
      -534
       637
      -302
        51
      -104
       143
       108
      -600
       697
      -539
       592
      -448
       296
      -193
       -38
       177
      -192
       115
      -119
       213
      -293
       307
      -269
       137
        62
      -171
       126
      -120
        18
       250
      -254
      -112
       110
       101
       -33
        21
        10
       -40
        39
       -94
        79
       -16
        19
       -23
        29
       -23
       -16
         6
        61
       -86
        73
       -52
        -4
        69
       -49
       -30
        81
       -92
        16
         5
        67
      -134
       139
       -13
        -5
       -60
        14
         9
        48
       -35
         1
       -46
        35
        17
         7
       -17
        45
       -66
        34
        30
       -23
         1
       -52
        55
       -20
       -52
       114
      -153
       130
       -17
       -17
         0
        13
       -40
        43
        -7
         6
         1
        -8
        10
        -9
       -23
        64
      -114
        92
       -29
       -27
        14
        27
       -80
        87
       -56
        62
       -83
        50
       -26
        34
       -16
        19
       -15
         7
       -30
        49
       -54
        62
       -73
        68
       -42
        40
       -36
        25
         4
       -25
        -5
        46
       -55
        55
       -70
        46
       -15
        20
       -43
        94
       -51
        17
       -30
        13
       -16
        22
       -31
        58
       -73
        45
       -22
         6
       -69
        86
       -46
        40
       -50
        28
       -52
        62
       -28
        15
       -29
        53
       -68
        53
       -44
        50
       -30
        35
       -40
        70
      -104
        78
       -72
        51
       -48
        41
       -17
        35
       -46
        37
       -30
       -15
         5
        24
       -10
        19
       -30
        55
       -52
        31
       -36
        33
       -20
        21
       -64
        76
       -53
        57
       -80
        97
       -70
        49
       -81
        59
       -32
        33
       -30
        28
       -26
        34
       -42
        39
       -42
        44
       -32
        11
       -12
        21
       -21
        17
       -14
        16
       -22
        28
       -42
        30
       -16
        28
       -45
        58
       -62
        49
       -51
        74
       -53
        46
       -36
        43
       -34
        45
       -55
        44
       -23
         8
        -3
        18
       -26
        37
       -25
         8
       -37
        53
       -50
        23
       -20
        42
       -38
        16
        -7
        40
       -52
        33
       -12
         5
        23
        -3
       -32
        38
       -38
        26
        -3
        12
       -36
        53
       -50
        61
       -84
        85
       -53
        48
       -38
        50
       -53
        35
       -12
       -26
         1
        70
      -103
        61
       -46
        31
       -36
        55
       -29
        50
       -83
        58
       -24
        14
        -9
        16
       -23
        15
       -22
        10
       -30
        23
       -13
        17
       -27
        41
       -30
        37
       -13
        28
       -19
        -2
       -18
        33
       -39
        35
       -30
        33
       -35
        24
       -30
        23
       -30
        25
       -17
        28
       -38
        43
       -52
        33
       -30
        44
       -53
        43
       -27
        27
       -28
        25
       -20
        33
       -42
        38
       -39
        31
       -39
        48
       -48
        44
       -38
        22
       -30
        20
       -35
        42
       -23
        25
       -23
        43
       -35
        27
       -27
        24
       -13
        10
       -23
        36
       -38
        30
       -27
        21
       -24
        40
       -27
        26
       -39
        30
       -27
        30
       -33
        32
       -37
        41
       -29
        29
       -26
        22
       -35
        33
       -18
        27
       -45
        43
       -29
        23
       -37
        41
       -28
        32
       -35
        19
       -23
        37
       -31
        27
       -31
        41
       -29
        34
       -37
        41
       -25
        25
       -29
        25
       -32
        33
       -23
        43
       -28
        31
       -23
        24
       -30
        32
       -29
        19
       -22
        43
       -37
        36
       -24
        32
       -30
        19
       -31
        35
       -35
        23
       -21
        27
       -21
        23
       -35
        35
       -31
        19
       -30
        32
       -24
        36
       -37
        43
       -22
        19
       -29
        32
       -30
        24
       -23
        31
       -28
        43
       -23
        33
       -32
        25
       -29
        25
       -25
        41
       -37
        34
       -29
        41
       -31
        27
       -31
        37
       -23
        19
       -35
        32
       -28
        41
       -37
        23
       -29
        43
       -45
        27
       -18
        33
       -35
        22
       -26
        29
       -29
        41
       -37
        32
       -33
        30
       -27
        30
       -39
        26
       -27
        40
       -24
        21
       -27
        30
       -38
        36
       -23
        10
       -13
        24
       -27
        27
       -35
        43
       -23
        25
       -23
        42
       -35
        20
       -30
        22
       -38
        44
       -48
        48
       -39
        31
       -39
        38
       -42
        33
       -20
        25
       -28
        27
       -27
        43
       -53
        44
       -30
        33
       -52
        43
       -38
        28
       -17
        25
       -30
        23
       -30
        24
       -35
        33
       -30
        35
       -39
        33
       -18
        -2
       -19
        28
       -13
        37
       -30
        41
       -27
        17
       -13
        23
       -30
        10
       -22
        15
       -23
        16
        -9
        14
       -24
        58
       -83
        50
       -29
        55
       -36
        31
       -46
        61
      -103
        70
         1
       -26
       -12
        35
       -53
        50
       -38
        48
       -53
        85
       -84
        61
       -50
        53
       -36
        12
        -3
        26
       -38
        38
       -32
        -3
        23
         5
       -12
        33
       -52
        40
        -7
        16
       -38
        42
       -20
        23
       -50
        53
       -37
         8
       -25
        37
       -26
        18
        -3
         8
       -23
        44
       -55
        45
       -34
        43
       -36
        46
       -53
        74
       -51
        49
       -62
        58
       -45
        28
       -16
        30
       -42
        28
       -22
        16
       -14
        17
       -21
        21
       -12
        11
       -32
        44
       -42
        39
       -42
        34
       -26
        28
       -30
        33
       -32
        59
       -81
        49
       -70
        97
       -80
        57
       -53
        76
       -64
        21
       -20
        33
       -36
        31
       -52
        55
       -30
        19
       -10
        24
         5
       -15
       -30
        37
       -46
        35
       -17
        41
       -48
        51
       -72
        78
      -104
        70
       -40
        35
       -30
        50
       -44
        53
       -68
        53
       -29
        15
       -28
        62
       -52
        28
       -50
        40
       -46
        86
       -69
         6
       -22
        45
       -73
        58
       -31
        22
       -16
        13
       -30
        17
       -51
        94
       -43
        20
       -15
        46
       -70
        55
       -55
        46
        -5
       -25
         4
        25
       -36
        40
       -42
        68
       -73
        62
       -54
        49
       -30
         7
       -15
        19
       -16
        34
       -26
        50
       -83
        62
       -56
        87
       -80
        27
        14
       -27
       -29
        92
      -114
        64
       -23
        -9
        10
        -8
         1
         6
        -7
        43
       -40
        13
         0
       -17
       -17
       130
      -153
       114
       -52
       -20
        55
       -52
         1
       -23
        30
        34
       -66
        45
       -17
         7
        17
        35
       -46
         1
       -35
        48
         9
        14
       -60
        -5
       -13
       139
      -134
        67
         5
        16
       -92
        81
       -30
       -49
        69
        -4
       -52
        73
       -86
        61
         6
       -16
       -23
        29
       -23
        19
       -16
        79
       -94
        39
       -40
        10
        21
       -33
       101
       110
      -112
      -254
       250
        18
      -120
       126
      -171
        62
       137
      -269
       307
      -293
       213
      -119
       115
      -192
       177
       -38
      -193
       296
      -448
       592
      -539
       697
      -600
       108
       143
      -104
        51
      -302
       637
      -534
        -9
       434
      -603
       607
      -451
       219
        36
       -66
      -115
        25
        72
      -145
       365
      -547
       773
      -411
      -791
      1723
     -1048
      -566
      1419
     -1287
       945
      -827
      1065
      -857
      -121
       487
      -557
       580
      -553
        11
       603
       -75
      -227
       595
     -1332
      1669
     -1185
       327
      -394
       993
      -659
       150
      -496
       396
        69
     -1135
      2940
     -1147
     -2803
      2690
     -4138
      5486
     -4282
      8721
     -8455
      -383
      6041
     -6223
      4061
      6559
    -10302
     12730
    -13546
      9328
     -5909
      9441
    -11099
     11831
     -8653
      1419
      3110
      -977
     -2318
      1560
       466
      -712
       731
      -941
        45
       349
       209
      -438
       -96
      1079
     -1426
      1598
     -1466
      1890
     -3209
      2060
       166
      -995
      1475
     -1916
      2290
     -1267
      -109
       292
      -898
      1393
      -976
       363
     -1767
      2863
     -1333
       828
     -1413
      1589
     -1419
       846
      -578
       585
      -379
       249
      -282
       425
      -638
       462
       100
      -372
       465
      -176
      -199
      -202
       410
        40
      -261
       174
      -174
       515
      -946
       938
      -595
       307
        50
       -21
      -141
       -29
       109
       -14
         5
      -121
       136
      -164
       149
      -113
       115
       -33
        79
       -50
        44
      -374
       256
       185
      -287
       284
      -210
        54
        -5
       -68
       102
      -138
        97
        42
       -81
        64
       -13
       -59
        65
        14
       -37
        19
        80
       -56
       -34
         7
        19
       -30
        28
        65
      -199
       151
       -64
       327
      -356
        90
        28
        -2
       -70
        12
        53
       -89
        85
       -21
       -19
         3
        -1
        13
       -19
        66
       -58
       -11
       139
      -170
       112
      -102
        82
       -58
       -34
       233
      -250
       103
        14
      -125
       149
       -70
       -22
        19
       -19
        -9
       -48
       105
      -100
        45
        21
        40
       -69
        45
         5
       -24
         1
        -9
        40
       -33
        69
       -49
       -18
        23
       -51
        73
       -67
       -10
       -15
        45
         1
         0
        12
         5
       -10
        30
       -27
        50
       -19
       -12
       -39
        34
       -33
        18
        20
         4
       -79
        71
       -38
        28
        16
       -30
        52
       -39
        16
         3
        -3
       -53
        87
       -86
        51
       -22
        12
        33
        16
       -33
        32
       -36
         1
        41
         2
       -42
        -8
        40
       -48
        28
         5
       -32
         3
        -6
       -26
        16
        38
       -13
        10
       -36
        31
        25
       -50
        14
        23
        -2
        20
       -34
       -12
         3
        -3
        -6
       -10
        11
         9
         1
       -19
         5
         4
        10
       -13
        17
       -40
        28
        16
       -22
        39
       -48
        24
        31
       -25
         8
        10
       -19
         2
       -16
        32
       -20
         1
        28
       -19
         0
         2
        12
        14
         2
        -4
        -9
        -7
        16
         6
       -29
        42
       -37
        22
        10
        29
       -62
        -1
        39
       -25
        -9
        22
       -29
         6
       -16
       -20
        30
        26
       -33
        37
       -26
        30
        -6
        29
       -28
        25
       -12
        19
        -6
       -13
        14
         8
        -5
       -32
        -8
        91
       -87
        37
         8
       -25
         5
        25
        13
       -30
         5
        -5
       -15
        18
       -33
        37
       -18
         3
         3
        29
       -14
        -3
        -1
         6
        37
       -46
        45
       -57
        35
       -26
        52
       -25
       -11
        12
       -23
        54
      -101
        76
        -4
       -24
        30
         0
         0
         7
        13
       -10
       -12
        -1
        -1
         1
         3
       -11
         3
        -3
        -9
        21
       -14
        24
         0
         6
        -8
       -10
         7
         2
        -1
       -19
         1
         4
         6
         9
        -1
        14
        -2
        22
        -5
       -23
         2
       -11
       -15
        11
        -8
        17
         6
         5
         2
        -6
        -6
        13
        -4
        -6
       -16
         1
         5
        -6
        26
        -2
        12
       -23
        17
        -3
       -21
       -11
        -2
        -6
         9
         3
        -6
        -1
        13
         3
       -13
        14
        15
        -7
         8
       -18
        25
         2
       -18
         7
        -4
         6
        -2
         7
         0
         5
        -6
         8
         2
        -4
        -3
        -8
       -15
        11
        -7
         2
        -4
         5
        -9
         7
        10
       -19
         7
         9
       -15
        16
        -5
       -16
        36
       -17
         9
        -4
        12
        -1
         3
         0
        -4
        27
       -18
       -12
        14
        16
       -19
        24
       -20
         9
       -13
        19
       -27
        13
        -8
         0
        -8
        -8
        15
        -4
        -7
        -7
        15
        15
       -25
         9
         8
       -20
        14
        -4
         3
        -4
        14
       -20
         8
         9
       -25
        15
        15
        -7
        -7
        -4
        15
        -8
        -8
         0
        -8
        13
       -27
        19
       -13
         9
       -20
        24
       -19
        16
        14
       -12
       -18
        27
        -4
         0
         3
        -1
        12
        -4
         9
       -17
        36
       -16
        -5
        16
       -15
         9
         7
       -19
        10
         7
        -9
         5
        -4
         2
        -7
        11
       -15
        -8
        -3
        -4
         2
         8
        -6
         5
         0
         7
        -2
         6
        -4
         7
       -18
         2
        25
       -18
         8
        -7
        15
        14
       -13
         3
        13
        -1
        -6
         3
         9
        -6
        -2
       -11
       -21
        -3
        17
       -23
        12
        -2
        26
        -6
         5
         1
       -16
        -6
        -4
        13
        -6
        -6
         2
         5
         6
        17
        -8
        11
       -15
       -11
         2
       -23
        -5
        22
        -2
        14
        -1
         9
         6
         4
         1
       -19
        -1
         2
         7
       -10
        -8
         6
         0
        24
       -14
        21
        -9
        -3
         3
       -11
         3
         1
        -1
        -1
       -12
       -10
        13
         7
         0
         0
        30
       -24
        -4
        76
      -101
        54
       -23
        12
       -11
       -25
        52
       -26
        35
       -57
        45
       -46
        37
         6
        -1
        -3
       -14
        29
         3
         3
       -18
        37
       -33
        18
       -15
        -5
         5
       -30
        13
        25
         5
       -25
         8
        37
       -87
        91
        -8
       -32
        -5
         8
        14
       -13
        -6
        19
       -12
        25
       -28
        29
        -6
        30
       -26
        37
       -33
        26
        30
       -20
       -16
         6
       -29
        22
        -9
       -25
        39
        -1
       -62
        29
        10
        22
       -37
        42
       -29
         6
        16
        -7
        -9
        -4
         2
        14
        12
         2
         0
       -19
        28
         1
       -20
        32
       -16
         2
       -19
        10
         8
       -25
        31
        24
       -48
        39
       -22
        16
        28
       -40
        17
       -13
        10
         4
         5
       -19
         1
         9
        11
       -10
        -6
        -3
         3
       -12
       -34
        20
        -2
        23
        14
       -50
        25
        31
       -36
        10
       -13
        38
        16
       -26
        -6
         3
       -32
         5
        28
       -48
        40
        -8
       -42
         2
        41
         1
       -36
        32
       -33
        16
        33
        12
       -22
        51
       -86
        87
       -53
        -3
         3
        16
       -39
        52
       -30
        16
        28
       -38
        71
       -79
         4
        20
        18
       -33
        34
       -39
       -12
       -19
        50
       -27
        30
       -10
         5
        12
         0
         1
        45
       -15
       -10
       -67
        73
       -51
        23
       -18
       -49
        69
       -33
        40
        -9
         1
       -24
         5
        45
       -69
        40
        21
        45
      -100
       105
       -48
        -9
       -19
        19
       -22
       -70
       149
      -125
        14
       103
      -250
       233
       -34
       -58
        82
      -102
       112
      -170
       139
       -11
       -58
        66
       -19
        13
        -1
         3
       -19
       -21
        85
       -89
        53
        12
       -70
        -2
        28
        90
      -356
       327
       -64
       151
      -199
        65
        28
       -30
        19
         7
       -34
       -56
        80
        19
       -37
        14
        65
       -59
       -13
        64
       -81
        42
        97
      -138
       102
       -68
        -5
        54
      -210
       284
      -287
       185
       256
      -374
        44
       -50
        79
       -33
       115
      -113
       149
      -164
       136
      -121
         5
       -14
       109
       -29
      -141
       -21
        50
       307
      -595
       938
      -946
       515
      -174
       174
      -261
        40
       410
      -202
      -199
      -176
       465
      -372
       100
       462
      -638
       425
      -282
       249
      -379
       585
      -578
       846
     -1419
      1589
     -1413
       828
     -1333
      2863
     -1767
       363
      -976
      1393
      -898
       292
      -109
     -1267
      2290
     -1916
      1475
      -995
       166
      2060
     -3209
      1890
     -1466
      1598
     -1426
      1079
       -96
      -438
       209
       349
        45
      -941
       731
      -712
       466
      1560
     -2318
      -977
      3110
      1419
     -8653
     11831
    -11099
      9441
     -5909
      9328
    -13546
     12730
    -10302
     -2046
     -1355
     -5696
     14089
     -3422
      6529
    -12302
      3039
     -3271
      3674
      1822
     -4536
      3334
     -1963
      2194
     -2033
       840
       112
      -259
       326
      -176
        85
      -244
      1288
     -2875
      2282
       273
      -514
     -1237
       895
       865
     -1370
      1408
      -741
      -170
       468
     -1042
      1263
      -778
       411
      -762
      1663
     -1499
      -585
      2441
     -1974
       881
      -200
      -362
       746
      -343
      -754
       660
      -424
       597
      -371
        10
       157
      -216
       438
      -499
       259
      -225
       264
      -161
      -159
       355
      -205
       -11
       286
      -553
       594
      -278
       -44
       148
        89
      -301
       325
      -264
       125
       -70
       125
      -120
       -13
       150
      -147
        -4
        20
        57
        63
      -135
        68
        64
      -120
       103
      -134
        74
        60
      -198
       232
      -154
       114
      -103
        38
       -52
        92
      -116
       136
       -38
       -68
         4
        80
       -27
       -13
       -14
        11
        24
       -17
        15
        62
       -67
        49
        -7
      -237
       252
        87
      -217
        64
       -72
       154
       -86
       -11
         1
         2
        85
       -74
       -12
        -1
        34
       -94
        76
        11
        21
       -10
       -56
        43
       -55
      -106
       192
        53
      -265
       146
       -12
        84
       -67
       -39
         6
        89
      -106
        30
        29
       -59
        49
       -11
        53
       -24
         2
       -30
        57
       -49
        13
        61
         2
       -71
        79
       -90
       -56
       153
       -62
       -21
        36
        24
       -64
        27
       -11
        32
       -32
        26
       -40
       -13
        -4
        28
        42
       -67
        21
         4
        23
       -20
         3
        55
       -97
        45
        42
       -50
        41
       -35
         8
        10
        -6
        -3
         4
        44
       -40
         0
        22
       -64
        39
       -21
        10
       -17
        35
       -19
       -38
        31
        12
       -33
        25
       -16
        37
       -35
         3
        27
       -58
        23
         1
       -29
       103
       -70
        17
       -25
        -6
        18
       -10
        21
        12
       -59
        85
       -35
        10
       -29
        10
        -4
        20
        -7
        -6
        25
       -30
         9
         2
        11
       -32
        32
       -22
         1
         6
       -31
       -11
        31
       -20
        33
       -30
        34
       -58
        -5
        29
       -14
         7
        21
       -29
        17
       -10
        41
       -53
        45
        25
       -48
        23
         7
       -50
        17
        20
        -5
       -23
        29
       -22
         7
        33
         6
       -30
         2
        56
       -28
        -6
        17
       -42
        20
       -56
        83
       -55
         8
       -16
        31
        -3
        -1
        25
       -18
        39
       -32
         3
       -27
       -22
        58
       -68
        85
       -98
        40
         6
        14
       -51
        27
       -28
        34
        -8
       -35
        78
       -69
        48
        -8
         5
       -35
        52
        -9
       -57
        77
        -9
       -70
        64
       -34
         9
       -25
        53
       -27
        15
         0
         8
       -45
        72
       -47
         5
        -4
        10
       -16
        33
       -63
        36
        -2
        15
        -9
        10
       -10
         7
        -3
        14
       -20
        10
         3
        -4
        -6
         5
        10
        -5
         1
        -2
        22
       -10
        -4
        -3
        -9
         4
        -7
        13
         7
        -5
        -8
        -3
        -9
        14
         1
       -10
         1
         1
         2
        -4
         4
         6
        -2
         8
       -14
         2
        -6
         1
        -8
         8
        -4
        -4
         6
       -22
         0
        -5
        24
         2
        18
       -23
        13
        -9
        12
         4
        -5
        12
         3
       -28
         9
         2
        -9
       -12
         3
         5
        -3
         4
        18
       -20
        -4
         3
        16
         9
         1
       -11
         9
       -15
        -2
         1
        -3
         9
       -16
        12
       -15
        18
         3
         5
        26
        14
       -30
         3
        16
       -26
         6
         1
        -6
         7
        -5
         7
        -9
        -6
       -29
        18
       -15
        14
         0
        12
       -15
       -10
         4
         3
         9
         3
        -4
         5
        10
        -5
        -8
        12
        -9
       -10
        -6
        -3
        10
         0
        -3
       -22
        17
        10
        -8
        16
         8
       -17
        21
        10
        -5
       -10
        -1
       -16
         5
       -10
         5
       -16
        -1
       -10
        -5
        10
        21
       -17
         8
        16
        -8
        10
        17
       -22
        -3
         0
        10
        -3
        -6
       -10
        -9
        12
        -8
        -5
        10
         5
        -4
         3
         9
         3
         4
       -10
       -15
        12
         0
        14
       -15
        18
       -29
        -6
        -9
         7
        -5
         7
        -6
         1
         6
       -26
        16
         3
       -30
        14
        26
         5
         3
        18
       -15
        12
       -16
         9
        -3
         1
        -2
       -15
         9
       -11
         1
         9
        16
         3
        -4
       -20
        18
         4
        -3
         5
         3
       -12
        -9
         2
         9
       -28
         3
        12
        -5
         4
        12
        -9
        13
       -23
        18
         2
        24
        -5
         0
       -22
         6
        -4
        -4
         8
        -8
         1
        -6
         2
       -14
         8
        -2
         6
         4
        -4
         2
         1
         1
       -10
         1
        14
        -9
        -3
        -8
        -5
         7
        13
        -7
         4
        -9
        -3
        -4
       -10
        22
        -2
         1
        -5
        10
         5
        -6
        -4
         3
        10
       -20
        14
        -3
         7
       -10
        10
        -9
        15
        -2
        36
       -63
        33
       -16
        10
        -4
         5
       -47
        72
       -45
         8
         0
        15
       -27
        53
       -25
         9
       -34
        64
       -70
        -9
        77
       -57
        -9
        52
       -35
         5
        -8
        48
       -69
        78
       -35
        -8
        34
       -28
        27
       -51
        14
         6
        40
       -98
        85
       -68
        58
       -22
       -27
         3
       -32
        39
       -18
        25
        -1
        -3
        31
       -16
         8
       -55
        83
       -56
        20
       -42
        17
        -6
       -28
        56
         2
       -30
         6
        33
         7
       -22
        29
       -23
        -5
        20
        17
       -50
         7
        23
       -48
        25
        45
       -53
        41
       -10
        17
       -29
        21
         7
       -14
        29
        -5
       -58
        34
       -30
        33
       -20
        31
       -11
       -31
         6
         1
       -22
        32
       -32
        11
         2
         9
       -30
        25
        -6
        -7
        20
        -4
        10
       -29
        10
       -35
        85
       -59
        12
        21
       -10
        18
        -6
       -25
        17
       -70
       103
       -29
         1
        23
       -58
        27
         3
       -35
        37
       -16
        25
       -33
        12
        31
       -38
       -19
        35
       -17
        10
       -21
        39
       -64
        22
         0
       -40
        44
         4
        -3
        -6
        10
         8
       -35
        41
       -50
        42
        45
       -97
        55
         3
       -20
        23
         4
        21
       -67
        42
        28
        -4
       -13
       -40
        26
       -32
        32
       -11
        27
       -64
        24
        36
       -21
       -62
       153
       -56
       -90
        79
       -71
         2
        61
        13
       -49
        57
       -30
         2
       -24
        53
       -11
        49
       -59
        29
        30
      -106
        89
         6
       -39
       -67
        84
       -12
       146
      -265
        53
       192
      -106
       -55
        43
       -56
       -10
        21
        11
        76
       -94
        34
        -1
       -12
       -74
        85
         2
         1
       -11
       -86
       154
       -72
        64
      -217
        87
       252
      -237
        -7
        49
       -67
        62
        15
       -17
        24
        11
       -14
       -13
       -27
        80
         4
       -68
       -38
       136
      -116
        92
       -52
        38
      -103
       114
      -154
       232
      -198
        60
        74
      -134
       103
      -120
        64
        68
      -135
        63
        57
        20
        -4
      -147
       150
       -13
      -120
       125
       -70
       125
      -264
       325
      -301
        89
       148
       -44
      -278
       594
      -553
       286
       -11
      -205
       355
      -159
      -161
       264
      -225
       259
      -499
       438
      -216
       157
        10
      -371
       597
      -424
       660
      -754
      -343
       746
      -362
      -200
       881
     -1974
      2441
      -585
     -1499
      1663
      -762
       411
      -778
      1263
     -1042
       468
      -170
      -741
      1408
     -1370
       865
       895
     -1237
      -514
       273
      2282
     -2875
      1288
      -244
        85
      -176
       326
      -259
       112
       840
     -2033
      2194
     -1963
      3334
     -4536
      1822
      3674
     -3271
      3039
    -12302
      6529
     -3422
     14089
     -5696
     -1355
     -3308
      4248
     21448
    -46628
     19204
      5244
     -4354
      5444
     -7296
      7777
     -5775
      2860
     -1172
      1401
     -1517
       259
      -650
      -221
      1500
       338
      -702
      -105
       747
      -524
     -1205
       328
      -536
      3278
     -2167
      -576
      1073
     -2188
      2176
       269
     -1559
      1396
      -436
      -843
      1000
        46
      -109
      -577
      -396
       554
       351
       222
      -407
       260
     -1196
      1135
      -605
       970
      -844
       186
       283
      -165
      -190
       427
        38
      -766
       783
      -340
       225
      -654
       737
      -139
      -401
       259
       105
      -236
       378
      -287
       206
      -297
       347
      -201
        73
       -22
       -54
       294
      -368
       352
      -332
       171
       154
      -309
       189
       -35
       -74
       138
       -73
       -77
       -15
       282
      -306
       254
      -230
       145
        17
      -111
       -26
        56
       146
      -109
       -35
        81
       -59
        24
       -21
       -29
        98
       -86
        62
      -103
       160
       -74
         3
       -60
         6
        90
      -318
       503
      -248
       -68
        51
        69
      -164
        -7
       119
       -43
        46
        -1
        24
      -168
       140
        45
       -60
        50
       -42
        18
        33
       -58
        55
        12
      -108
       215
      -171
      -234
       640
      -283
      -279
       240
        37
       -86
       -26
        80
       -16
       -44
        48
       -32
        25
        41
       -19
       -28
        40
        -2
       -45
        49
       -66
        83
       -64
        39
         7
       -29
       -32
       200
      -189
        53
        24
      -120
       102
         4
         6
       -22
        43
      -106
        76
       -15
        26
       -14
         2
       -46
        10
        53
        20
       -82
        88
       -48
       162
      -256
        86
        52
       -41
        -2
        18
       -12
         0
         9
        -1
        11
        -9
        12
         0
        -2
       -12
        33
       -20
        11
        -4
         3
         6
       -10
        39
       -58
        35
       -41
        51
       -13
       -14
        30
       -18
        31
       -52
        17
        -4
       -12
        25
        54
       -72
        57
       -31
        42
         1
         2
        -4
         0
        22
        30
      -107
        68
        -7
         4
         9
       -23
        -5
       -28
        13
        56
       -57
        21
         3
         8
        -7
        28
        -7
        -2
        16
       -28
         4
        18
         7
        -4
       -27
        41
        42
       -42
        17
       -26
        46
       -33
         2
        -3
        12
       -32
         6
        27
        -3
        -3
       -15
         4
        11
        42
       -54
        13
        14
       -15
        -6
        37
       -20
       -50
        42
        24
       -45
        27
         1
       -27
        36
        -8
       -32
        14
        17
         8
       -48
        44
       -26
        42
        -4
         2
        -4
       -13
        20
         6
       -18
        -6
        -4
        17
         4
         0
       -17
        68
       -62
         4
        16
       -34
        24
        27
       -27
        36
       -84
        39
        57
       -37
       -14
        43
       -84
        37
        67
       -42
       -12
       -18
        57
       -39
        -3
         8
       -24
        20
         6
       -30
        -6
        12
         7
        20
       -39
        63
       -30
       -10
        -9
         7
         8
        -6
         5
        12
         1
       -12
        -4
       -26
         8
         7
       -16
        10
       -22
        17
       -16
        21
         1
       -11
        -2
         7
        -9
         2
         4
        -3
       -14
        10
       -20
        10
        -1
        -4
        28
        -7
        18
         0
       -10
         1
         3
        -8
         9
         3
        -1
       -17
         6
        -2
         8
         3
        15
       -13
         8
        -4
        -4
         8
        -1
        -7
        -1
        -4
         8
        13
       -15
        11
       -18
        11
        -8
        24
        -4
        14
       -18
        -8
        -7
         5
        -7
        -1
         4
        -3
        -2
       -18
         1
        -7
         5
         3
         9
       -10
       -13
         4
         5
         0
        10
         5
        -4
       -19
         1
         6
        10
        10
         9
        -9
         8
         2
       -19
        14
        -9
         2
        -4
        -5
        -1
        -6
        18
        -5
        -8
        24
         5
         5
         4
       -12
         7
       -26
        11
        -4
         6
         4
       -17
        12
        11
        -5
        12
       -14
         6
       -13
         8
        -9
       -11
        23
        -8
        -4
         5
        15
        18
         4
        -8
         8
        12
       -14
         6
       -12
       -14
       -12
         6
       -14
        12
         8
        -8
         4
        18
        15
         5
        -4
        -8
        23
       -11
        -9
         8
       -13
         6
       -14
        12
        -5
        11
        12
       -17
         4
         6
        -4
        11
       -26
         7
       -12
         4
         5
         5
        24
        -8
        -5
        18
        -6
        -1
        -5
        -4
         2
        -9
        14
       -19
         2
         8
        -9
         9
        10
        10
         6
         1
       -19
        -4
         5
        10
         0
         5
         4
       -13
       -10
         9
         3
         5
        -7
         1
       -18
        -2
        -3
         4
        -1
        -7
         5
        -7
        -8
       -18
        14
        -4
        24
        -8
        11
       -18
        11
       -15
        13
         8
        -4
        -1
        -7
        -1
         8
        -4
        -4
         8
       -13
        15
         3
         8
        -2
         6
       -17
        -1
         3
         9
        -8
         3
         1
       -10
         0
        18
        -7
        28
        -4
        -1
        10
       -20
        10
       -14
        -3
         4
         2
        -9
         7
        -2
       -11
         1
        21
       -16
        17
       -22
        10
       -16
         7
         8
       -26
        -4
       -12
         1
        12
         5
        -6
         8
         7
        -9
       -10
       -30
        63
       -39
        20
         7
        12
        -6
       -30
         6
        20
       -24
         8
        -3
       -39
        57
       -18
       -12
       -42
        67
        37
       -84
        43
       -14
       -37
        57
        39
       -84
        36
       -27
        27
        24
       -34
        16
         4
       -62
        68
       -17
         0
         4
        17
        -4
        -6
       -18
         6
        20
       -13
        -4
         2
        -4
        42
       -26
        44
       -48
         8
        17
        14
       -32
        -8
        36
       -27
         1
        27
       -45
        24
        42
       -50
       -20
        37
        -6
       -15
        14
        13
       -54
        42
        11
         4
       -15
        -3
        -3
        27
         6
       -32
        12
        -3
         2
       -33
        46
       -26
        17
       -42
        42
        41
       -27
        -4
         7
        18
         4
       -28
        16
        -2
        -7
        28
        -7
         8
         3
        21
       -57
        56
        13
       -28
        -5
       -23
         9
         4
        -7
        68
      -107
        30
        22
         0
        -4
         2
         1
        42
       -31
        57
       -72
        54
        25
       -12
        -4
        17
       -52
        31
       -18
        30
       -14
       -13
        51
       -41
        35
       -58
        39
       -10
         6
         3
        -4
        11
       -20
        33
       -12
        -2
         0
        12
        -9
        11
        -1
         9
         0
       -12
        18
        -2
       -41
        52
        86
      -256
       162
       -48
        88
       -82
        20
        53
        10
       -46
         2
       -14
        26
       -15
        76
      -106
        43
       -22
         6
         4
       102
      -120
        24
        53
      -189
       200
       -32
       -29
         7
        39
       -64
        83
       -66
        49
       -45
        -2
        40
       -28
       -19
        41
        25
       -32
        48
       -44
       -16
        80
       -26
       -86
        37
       240
      -279
      -283
       640
      -234
      -171
       215
      -108
        12
        55
       -58
        33
        18
       -42
        50
       -60
        45
       140
      -168
        24
        -1
        46
       -43
       119
        -7
      -164
        69
        51
       -68
      -248
       503
      -318
        90
         6
       -60
         3
       -74
       160
      -103
        62
       -86
        98
       -29
       -21
        24
       -59
        81
       -35
      -109
       146
        56
       -26
      -111
        17
       145
      -230
       254
      -306
       282
       -15
       -77
       -73
       138
       -74
       -35
       189
      -309
       154
       171
      -332
       352
      -368
       294
       -54
       -22
        73
      -201
       347
      -297
       206
      -287
       378
      -236
       105
       259
      -401
      -139
       737
      -654
       225
      -340
       783
      -766
        38
       427
      -190
      -165
       283
       186
      -844
       970
      -605
      1135
     -1196
       260
      -407
       222
       351
       554
      -396
      -577
      -109
        46
      1000
      -843
      -436
      1396
     -1559
       269
      2176
     -2188
      1073
      -576
     -2167
      3278
      -536
       328
     -1205
      -524
       747
      -105
      -702
       338
      1500
      -221
      -650
       259
     -1517
      1401
     -1172
      2860
     -5775
      7777
     -7296
      5444
     -4354
      5244
     19204
    -46628
     21448
      4248
      -215
    -19729
    -64088
    160882
    -58293
     -4083
     -6353
      2741
      1591
    -18727
      5411
     -1903
      1604
       799
       645
       338
      -668
     -2661
      3237
     -1655
      1276
     -1179
      -770
      1940
      -264
      -900
      3201
     -4037
       906
      1554
     -1528
       474
      1043
     -1042
       883
     -1690
       622
       401
       368
        12
      -470
       181
      -471
       787
      -179
      -169
      -359
       160
       501
      -782
       664
        27
      -390
       -25
       473
       -40
      -230
      -171
      -287
      1025
      -728
       128
      -177
       328
       191
      -291
      -280
       439
      -302
       177
      -131
       108
       116
        13
      -308
       315
      -164
      -113
       267
      -199
       119
        -2
      -203
       100
       121
      -147
       201
       -94
        23
      -122
       -34
       167
        21
      -149
       160
         2
      -270
       247
      -163
       230
       -85
       -45
       -43
       156
       -24
       -65
        62
        -8
       -57
        18
        31
        26
        -2
       -27
        94
       -80
      -107
       223
      -280
       -22
       299
      -533
       461
       582
     -1051
       872
      -665
       274
        32
        -5
      -267
       449
      -467
       261
       -44
        56
       -78
       -52
        84
        15
       -54
       -28
       132
       -42
       -11
      -118
       175
      -255
       169
        64
       -16
      -140
       108
        67
      -127
        76
       -50
       -10
        74
       -37
        30
       -81
       110
       -58
       -10
        28
       -39
        35
        -6
       -16
        -1
         8
         6
        30
        16
       -20
       -65
       -50
       -43
        45
       136
       -98
       -37
       104
      -108
        53
        -9
        17
       -37
        35
       -53
        23
        34
         8
      -102
       -77
       185
      -107
        84
       -51
        29
        38
      -139
        90
        -5
         5
        16
       -31
         7
         0
       -24
        55
       -35
        55
       -31
        62
       -50
        17
       -31
        19
        10
         3
       -11
        16
       -14
         9
        18
        -5
        -9
        -9
         6
        11
       -21
        28
       -16
        -9
        27
       -22
       -28
        49
         2
       -33
        17
         0
        -9
       -25
        36
         8
       -37
        -6
        35
       -22
        -2
        12
       -13
         7
        24
       -21
       -43
        34
         2
        -4
         5
        -2
         5
        -6
        -6
       -11
        23
       -18
        -5
        13
       -14
        -5
         8
        -6
         9
        -5
       -18
         2
        19
       -29
        10
       -11
       -11
        17
       -10
         9
        -6
       -10
         5
       -11
        -6
        21
        -3
        -1
         0
       -14
         9
         3
        33
       -23
        16
       -14
       -13
         5
        -2
         9
        -5
        -8
        -9
        10
       -11
        -7
        22
         9
       -17
        25
       -18
         8
        16
        -5
       -17
        17
        15
        -5
        -7
         5
        12
        -2
         1
        32
         2
         9
         9
       -30
        -5
        24
       -36
        -6
        44
       -14
       -11
        28
       -50
       -13
        57
        -8
       -12
         0
         8
         3
         6
         7
         2
       -12
       -14
         6
       -19
         7
        10
        16
       -34
        28
         9
         1
       -11
         4
        15
         2
         8
       -22
         2
         5
        -2
       -12
        14
       -28
         2
       -11
         3
        -3
        29
       -27
         8
        10
         3
        -6
        -5
         4
         9
        13
         1
       -22
        18
        -3
        -1
        -2
         2
        -1
        14
        -8
         5
         0
       -13
         0
        16
       -19
        10
        14
         5
        -5
       -11
         4
       -13
        15
        -6
        32
       -22
         7
       -15
        13
        -4
        -8
         9
       -18
        -1
         1
        13
        -8
        -5
        -6
         3
         7
       -17
        11
       -22
         3
        20
       -15
        -4
        10
        -1
         7
         8
       -23
        -2
         9
       -21
        16
        -7
        -8
         4
        -3
        -7
        13
        -4
        12
         7
       -21
         8
       -17
         2
         0
        -3
         2
         3
       -11
        29
       -13
        -7
        15
         0
       -16
       -10
         7
       -10
        10
       -21
         0
         1
       -12
        12
       -18
        18
         1
        -9
         2
         2
        -2
       -16
        13
       -12
        15
        -9
         9
        -8
        -2
         3
        -1
         6
         3
        -5
         9
         5
         7
        13
        -7
       -19
         8
        20
       -13
        -1
       -13
        20
         8
       -19
        -7
        13
         7
         5
         9
        -5
         3
         6
        -1
         3
        -2
        -8
         9
        -9
        15
       -12
        13
       -16
        -2
         2
         2
        -9
         1
        18
       -18
        12
       -12
         1
         0
       -21
        10
       -10
         7
       -10
       -16
         0
        15
        -7
       -13
        29
       -11
         3
         2
        -3
         0
         2
       -17
         8
       -21
         7
        12
        -4
        13
        -7
        -3
         4
        -8
        -7
        16
       -21
         9
        -2
       -23
         8
         7
        -1
        10
        -4
       -15
        20
         3
       -22
        11
       -17
         7
         3
        -6
        -5
        -8
        13
         1
        -1
       -18
         9
        -8
        -4
        13
       -15
         7
       -22
        32
        -6
        15
       -13
         4
       -11
        -5
         5
        14
        10
       -19
        16
         0
       -13
         0
         5
        -8
        14
        -1
         2
        -2
        -1
        -3
        18
       -22
         1
        13
         9
         4
        -5
        -6
         3
        10
         8
       -27
        29
        -3
         3
       -11
         2
       -28
        14
       -12
        -2
         5
         2
       -22
         8
         2
        15
         4
       -11
         1
         9
        28
       -34
        16
        10
         7
       -19
         6
       -14
       -12
         2
         7
         6
         3
         8
         0
       -12
        -8
        57
       -13
       -50
        28
       -11
       -14
        44
        -6
       -36
        24
        -5
       -30
         9
         9
         2
        32
         1
        -2
        12
         5
        -7
        -5
        15
        17
       -17
        -5
        16
         8
       -18
        25
       -17
         9
        22
        -7
       -11
        10
        -9
        -8
        -5
         9
        -2
         5
       -13
       -14
        16
       -23
        33
         3
         9
       -14
         0
        -1
        -3
        21
        -6
       -11
         5
       -10
        -6
         9
       -10
        17
       -11
       -11
        10
       -29
        19
         2
       -18
        -5
         9
        -6
         8
        -5
       -14
        13
        -5
       -18
        23
       -11
        -6
        -6
         5
        -2
         5
        -4
         2
        34
       -43
       -21
        24
         7
       -13
        12
        -2
       -22
        35
        -6
       -37
         8
        36
       -25
        -9
         0
        17
       -33
         2
        49
       -28
       -22
        27
        -9
       -16
        28
       -21
        11
         6
        -9
        -9
        -5
        18
         9
       -14
        16
       -11
         3
        10
        19
       -31
        17
       -50
        62
       -31
        55
       -35
        55
       -24
         0
         7
       -31
        16
         5
        -5
        90
      -139
        38
        29
       -51
        84
      -107
       185
       -77
      -102
         8
        34
        23
       -53
        35
       -37
        17
        -9
        53
      -108
       104
       -37
       -98
       136
        45
       -43
       -50
       -65
       -20
        16
        30
         6
         8
        -1
       -16
        -6
        35
       -39
        28
       -10
       -58
       110
       -81
        30
       -37
        74
       -10
       -50
        76
      -127
        67
       108
      -140
       -16
        64
       169
      -255
       175
      -118
       -11
       -42
       132
       -28
       -54
        15
        84
       -52
       -78
        56
       -44
       261
      -467
       449
      -267
        -5
        32
       274
      -665
       872
     -1051
       582
       461
      -533
       299
       -22
      -280
       223
      -107
       -80
        94
       -27
        -2
        26
        31
        18
       -57
        -8
        62
       -65
       -24
       156
       -43
       -45
       -85
       230
      -163
       247
      -270
         2
       160
      -149
        21
       167
       -34
      -122
        23
       -94
       201
      -147
       121
       100
      -203
        -2
       119
      -199
       267
      -113
      -164
       315
      -308
        13
       116
       108
      -131
       177
      -302
       439
      -280
      -291
       191
       328
      -177
       128
      -728
      1025
      -287
      -171
      -230
       -40
       473
       -25
      -390
        27
       664
      -782
       501
       160
      -359
      -169
      -179
       787
      -471
       181
      -470
        12
       368
       401
       622
     -1690
       883
     -1042
      1043
       474
     -1528
      1554
       906
     -4037
      3201
      -900
      -264
      1940
      -770
     -1179
      1276
     -1655
      3237
     -2661
      -668
       338
       645
       799
      1604
     -1903
      5411
    -18727
      1591
      2741
     -6353
     -4083
    -58293
    160882
    -64088
    -19729
       294
      5561
    243527
   -621834
    491706
     40636
    -94218
   -238214
     29898
    142530
    145546
   -166845
      7896
      3314
     17163
      -433
    -13996
      -990
     18645
     -6660
     -5822
      4889
     -3522
       557
       487
     -1053
      1997
     -2193
       727
      1980
     -3623
      2139
      1383
     -2824
      1002
       -99
       921
     -1845
      1417
       460
     -1229
       306
       794
     -1230
       340
       708
     -1531
      1916
      -519
      -135
       555
     -1180
      -273
      1365
       562
     -1813
     -2018
      2884
       885
      -722
     -1572
      1654
       843
     -1701
      -327
      1018
       967
     -2810
      -337
      3023
      1341
     -3511
      -888
      1783
      1198
     -1211
      -386
      1374
       -28
      -888
      -837
       770
       435
      -620
       186
       130
       537
      -609
       -76
       246
      -115
       -96
       311
      -280
       196
       -98
       -26
       -39
       143
      -121
        57
        73
      -130
        50
        15
       -15
       -44
        37
       -91
        94
       130
      -158
       -35
       204
      -114
       189
       205
       -99
     -1147
     -1475
      3564
      1301
      1450
     -8768
      2781
      1490
      1994
     -2267
      -283
      1532
       929
     -1317
      -651
       334
       195
      -158
        32
       661
      -412
      -465
       201
       526
       -74
      -369
       528
       264
      -557
      -848
       -12
       950
       690
     -1102
        69
       245
        -4
      -310
       141
       175
        24
        11
      -112
       -46
       -19
       188
      -105
       -26
       -14
       210
        80
      -432
       170
       317
       121
      -880
      -664
      1432
       410
      -129
     -1044
       409
       477
      -276
      -298
       264
       172
      -212
       -81
        68
       -46
       122
      -151
        78
       -15
        67
      -194
       174
        40
      -155
       -40
       140
       274
      -413
       -78
        29
       244
        19
      -118
        54
       -57
        13
        -8
       -61
        44
        70
       -76
       -38
        82
        17
         0
       -51
       -16
        89
       -22
        28
       -47
       -14
       120
      -123
        98
       -77
       -47
       154
       -70
       -74
       103
        81
       -93
       -66
        53
       -31
         9
        66
       -57
       -54
        35
        30
       -34
        10
         3
       -21
       -22
        49
       -44
        33
         5
       -61
        30
        29
       -31
         7
       -22
         9
        50
       -41
       -31
        66
         0
       -22
        -9
       -52
        61
        16
        -9
       -17
        -3
        18
        15
       -17
         1
         8
         2
       -10
        19
        -3
         8
       -23
       -18
        46
        13
       -28
        30
        21
       -10
        -9
        -8
        29
        10
       -16
       -18
        28
       -22
        -1
         0
       -13
        43
        -4
       -14
         7
        -8
        -1
        -2
        -7
         0
        22
       -20
        -7
        16
         0
        14
       -37
        53
        -2
       -37
        76
       -54
       -20
        41
        30
       -10
        -4
       -14
         4
        11
        -7
       -10
        -5
         0
       -30
        32
       -18
         9
        -1
       -10
        16
        12
       -10
         4
        26
        13
        -8
        13
        -8
        -2
        13
        -4
       -41
        61
       -24
       -24
        47
       -49
        38
       -12
         8
        16
       -12
        15
         0
         0
        -9
        14
       -16
         7
       -23
        16
         9
        -8
         2
         7
       -12
         3
       -19
       -13
        12
         3
        -5
         6
         6
       -13
        18
        -4
        11
        20
       -23
        -9
        11
       -17
         9
        10
         2
         3
         6
       -28
        18
       -21
        -3
        -2
        -5
       -15
        30
       -22
         1
        17
       -25
         9
        15
       -12
        12
       -18
        20
         1
       -12
        13
       -10
        12
        13
        11
        -2
       -12
        -2
        13
        -4
        -1
        -2
        -6
         4
         6
       -13
       -14
        13
        -6
        -3
       -21
        33
        -7
        12
       -11
        30
         9
         3
        -7
        -4
         8
         4
        -1
       -14
        20
       -15
        -2
        -1
         1
        14
       -15
       -11
        -7
        20
       -13
         2
        14
         0
        -8
         8
        13
        -6
         7
         5
        -3
       -11
        -6
        12
        -5
       -19
        13
         2
       -13
        -3
        -5
       -31
        17
         1
        10
         7
         0
         8
        -7
       -10
         4
        11
        -3
       -12
        10
        13
         0
        14
       -14
         8
       -10
         6
         0
        -6
        15
        -1
       -18
        -1
        15
        -6
         0
         6
       -10
         8
       -14
        14
         0
        13
        10
       -12
        -3
        11
         4
       -10
        -7
         8
         0
         7
        10
         1
        17
       -31
        -5
        -3
       -13
         2
        13
       -19
        -5
        12
        -6
       -11
        -3
         5
         7
        -6
        13
         8
        -8
         0
        14
         2
       -13
        20
        -7
       -11
       -15
        14
         1
        -1
        -2
       -15
        20
       -14
        -1
         4
         8
        -4
        -7
         3
         9
        30
       -11
        12
        -7
        33
       -21
        -3
        -6
        13
       -14
       -13
         6
         4
        -6
        -2
        -1
        -4
        13
        -2
       -12
        -2
        11
        13
        12
       -10
        13
       -12
         1
        20
       -18
        12
       -12
        15
         9
       -25
        17
         1
       -22
        30
       -15
        -5
        -2
        -3
       -21
        18
       -28
         6
         3
         2
        10
         9
       -17
        11
        -9
       -23
        20
        11
        -4
        18
       -13
         6
         6
        -5
         3
        12
       -13
       -19
         3
       -12
         7
         2
        -8
         9
        16
       -23
         7
       -16
        14
        -9
         0
         0
        15
       -12
        16
         8
       -12
        38
       -49
        47
       -24
       -24
        61
       -41
        -4
        13
        -2
        -8
        13
        -8
        13
        26
         4
       -10
        12
        16
       -10
        -1
         9
       -18
        32
       -30
         0
        -5
       -10
        -7
        11
         4
       -14
        -4
       -10
        30
        41
       -20
       -54
        76
       -37
        -2
        53
       -37
        14
         0
        16
        -7
       -20
        22
         0
        -7
        -2
        -1
        -8
         7
       -14
        -4
        43
       -13
         0
        -1
       -22
        28
       -18
       -16
        10
        29
        -8
        -9
       -10
        21
        30
       -28
        13
        46
       -18
       -23
         8
        -3
        19
       -10
         2
         8
         1
       -17
        15
        18
        -3
       -17
        -9
        16
        61
       -52
        -9
       -22
         0
        66
       -31
       -41
        50
         9
       -22
         7
       -31
        29
        30
       -61
         5
        33
       -44
        49
       -22
       -21
         3
        10
       -34
        30
        35
       -54
       -57
        66
         9
       -31
        53
       -66
       -93
        81
       103
       -74
       -70
       154
       -47
       -77
        98
      -123
       120
       -14
       -47
        28
       -22
        89
       -16
       -51
         0
        17
        82
       -38
       -76
        70
        44
       -61
        -8
        13
       -57
        54
      -118
        19
       244
        29
       -78
      -413
       274
       140
       -40
      -155
        40
       174
      -194
        67
       -15
        78
      -151
       122
       -46
        68
       -81
      -212
       172
       264
      -298
      -276
       477
       409
     -1044
      -129
       410
      1432
      -664
      -880
       121
       317
       170
      -432
        80
       210
       -14
       -26
      -105
       188
       -19
       -46
      -112
        11
        24
       175
       141
      -310
        -4
       245
        69
     -1102
       690
       950
       -12
      -848
      -557
       264
       528
      -369
       -74
       526
       201
      -465
      -412
       661
        32
      -158
       195
       334
      -651
     -1317
       929
      1532
      -283
     -2267
      1994
      1490
      2781
     -8768
      1450
      1301
      3564
     -1475
     -1147
       -99
       205
       189
      -114
       204
       -35
      -158
       130
        94
       -91
        37
       -44
       -15
        15
        50
      -130
        73
        57
      -121
       143
       -39
       -26
       -98
       196
      -280
       311
       -96
      -115
       246
       -76
      -609
       537
       130
       186
      -620
       435
       770
      -837
      -888
       -28
      1374
      -386
     -1211
      1198
      1783
      -888
     -3511
      1341
      3023
      -337
     -2810
       967
      1018
      -327
     -1701
       843
      1654
     -1572
      -722
       885
      2884
     -2018
     -1813
       562
      1365
      -273
     -1180
       555
      -135
      -519
      1916
     -1531
       708
       340
     -1230
       794
       306
     -1229
       460
      1417
     -1845
       921
       -99
      1002
     -2824
      1383
      2139
     -3623
      1980
       727
     -2193
      1997
     -1053
       487
       557
     -3522
      4889
     -5822
     -6660
     18645
      -990
    -13996
      -433
     17163
      3314
      7896
   -166845
    145546
    142530
     29898
   -238214
    -94218
     40636
    491706
   -621834
    243527
      5561
