  2850
  2794
  2123
  1965
  2342
  2267
  2358
  2441
  2300
  1901
  2071
  2082
  1791
  1467
  1325
  1355
  1328
  1258
  1209
  1206
  1242
  1224
  1181
  1242
  1079
  1050
  3145
  2605
  2279
  2173
  2310
  2570
  2495
  2439
  2498
  2112
  2026
  2020
  1746
  1714
  1386
  1507
  1441
  1298
  1118
  1152
  1090
   979
  1036
  1198
   741
   722
  2878
  2950
  2414
  2324
  2543
  2387
  2363
  2556
  2474
  2024
  1950
  1855
  1592
  1661
  1513
  1746
  1522
  1313
  1210
  1067
  1047
  1068
  1158
  1156
   648
   703
  3105
  2615
  2213
  2190
  2515
  2624
  2579
  2264
  2307
  2161
  2134
  1857
  1752
  1636
  1560
  1643
  1705
  1671
  1617
  1293
  1100
  1081
  1073
  1070
   684
   634
  3546
  2638
  2810
  2724
  2527
  2663
  2550
  2457
  2360
  2107
  2039
  1930
  1653
  1597
  1777
  2080
  1626
  1411
  1551
  1296
   866
   717
   795
   904
   657
   660
  4858
  4510
  3635
  3483
  2751
  2748
  2573
  2414
  2563
  2636
  2722
  2774
  2200
  1712
  2807
  3033
  2374
  2287
  2177
  1603
  1351
  1016
   943
   932
   763
   721
