 12605
  6772
  1061
 -1571
   166
  3822
  2533
  3117
  3180
  4737
  1271
 -1176
  -143
 12701
  8219
  -160
  -686
  -438
  2666
  2794
  5034
  2201
  4980
  1058
  1620
   653
 12791
  8314
   262
   746
  -834
  1140
  2291
  5793
 -1464
  2091
  -203
   348
   332
 13057
  7778
  -894
  1965
 -2543
  1402
  3529
  2922
  1265
  6909
  2258
  3468
  1188
 13295
  9620
  -312
  3486
  -237
 -1092
  4684
  2717
   539
  2195
  1937
  3468
 -2330
 17080
 11603
  -710
 11990
  5960
  3568
  9248
  1937
 -3434
  2461
  5658
  1368
 -5647
